text,CIR_PUNISHMENT,GENERAL_CIRCUM,CIRCUM_OFFENSE,reject,CIR_TYPE,CIR_AMOUNT,CIR_ROLE,CIR_EQ,REGRET,RESPO,CONFESSION
"ע""י ב""כ עוה""ד דניאל לוין בוטביה",0.00019792172,3.297343e-05,2.1270498e-05,0.99998724,0.0003331679,0.0008119964,0.000826123,0.549228,0.013244399,0.00011900316,0.00035346823
"ע""י ב""כ עוה""ד חן הולנדר",0.00021219894,3.230662e-05,2.2052995e-05,0.9999871,0.0003223578,0.00086615764,0.0004930651,0.393107,0.01033511,0.00014685358,0.00034757715
"הנאשם הורשע על פי הודאתו במסגרת הסדר טיעון בכתב אישום מתוקן, האוחז בשני אישומים, בביצוע שתי עבירות של סחר בסמים לפי סעיף 13 בצירוף סעיף 19א לפקודת הסמים המסוכנים (נוסח חדש) תשל""ג- 1973 (להלן: ""הפקודה"").",0.00013952135,3.0147625e-05,0.00023170962,9.015998e-06,0.0007320369,0.0009511382,0.018353524,0.0020070577,0.02445812,0.00013068641,0.99985075
"בתמצית יצוין, כי ההסדר בין הצדדים כלל הסכמות רק לעניין תיקון כתב האישום, כך שמכתב האישום המקורי נמחק האישום הראשון והנאשם הודה באישום השני והשלישי (למען הסדר הטוב אישומים אלה – יכונו האישום הראשון ושני).",0.00016088971,3.1005373e-05,0.68375504,1.0731412e-05,0.0010173484,0.0012040301,0.0071036112,0.0014189855,0.017295135,0.00018331727,0.9997892
"כמו כן, במסגרת ההסדר הופנה הנאשם לקבל תסקיר לעניין העונש.",0.00014799472,3.50297e-05,1.9426887e-05,0.99998724,0.00046203617,0.0009051692,0.000361588,0.0016175214,0.007572001,8.528791e-05,0.00019150744
יודגש כי ההסדר בין הצדדים לא כלל הסכמה לעניין העונש.,0.00015033099,3.233698e-05,2.3235512e-05,0.99998677,0.00046594563,0.00094064,0.00072098785,0.002690341,0.0125218,0.00011491464,0.00016506607
"מעובדות כתב האישום המתוקן בו הורשע הנאשם, עולה כי במועדים הרלוונטיים לכתב האישום, הופעל השוטר ג'רמי דיין כסוכן משטרתי (להלן: ""הסוכן""), לשם מיגור תופעת הסחר בסמים מסוכנים והפצתם.",0.0001164478,3.078975e-05,0.99995637,0.9999875,0.032547314,0.00469201,0.88444984,0.004907906,0.01716283,0.00012779099,0.91518325
בקשתו של הסוכן הועברה לנאשם באמצעות היישומון יחד עם הכתובת המבוקשת למשלוח הסם בכיכר הדווידקה בירושלים.,0.00010900341,3.1071497e-05,0.99993646,0.99998736,0.99645835,0.99933285,0.9986638,0.008048667,0.0042852648,0.00013838796,0.00015797763
"בהמשך למתואר, התקשר הנאשם לסוכן על מנת לתאם את ביצוע העסקה ולעדכנו כי הוא בדרכו למקום.",0.00011671227,3.0707815e-05,0.9923304,0.9999875,0.00071388547,0.00085455197,0.37705693,0.016516251,0.011406079,0.00022880097,0.0005043806
בסמוך לשעה 17:51 נפגשו הנאשם והסוכן במקום.,0.00013712433,3.2148433e-05,0.03180712,0.9999875,0.0004918048,0.0019014222,0.05908572,0.045717616,0.009651922,0.00018837901,0.0003845763
"בשלב זה, העביר הנאשם לסוכן 5 כדורי סם מסוג MDMA, ובתמורה קיבל הנאשם מהסוכן 400 ₪ במזומן ועזב את המקום.",0.00018216883,3.0386387e-05,0.9999609,9.1049105e-06,0.99963284,0.9998437,0.99980205,0.0062709097,0.009792667,0.00015180791,0.0004841967
"בקשתו של הסוכן הועברה לנאשם באמצעות היישומון יחד עם הכתובת המבוקשת למשלוח הסם, ברחוב שמאי בירושלים.",0.000121266836,3.157271e-05,0.999897,0.99998724,0.06923236,0.96766496,0.9956233,0.008981226,0.0050167544,0.00014412816,0.00021379518
"בהמשך למתואר לעיל, התקשר הנאשם לסוכן מספר פעמים על מנת לתאם את מקום ביצוע העסקה ואת שעתה ולעדכנו כי הוא בדרכו למקום.",0.0001152268,2.9916844e-05,0.99968815,0.99998736,0.0009874969,0.0011785328,0.54881567,0.030968534,0.010611511,0.0003698411,0.0009632628
"עוד עולה, כי בסמוך לשעה 22:40, נפגשו הנאשם והסוכן במפגש הרחובות שמאי-ביאנקיני.",0.00014534195,3.3330165e-05,0.89484537,0.9999876,0.0011538687,0.0023980243,0.054398336,0.045806527,0.010302201,0.00015745277,0.0005349329
"בשלב זה, העביר הנאשם לסוכן 5 כדורי סם מסוכן מסוג MDMA, ובתמורה קיבל הנאשם מהסוכן 400 ₪ במזומן ועזב את המקום.",0.00017589812,3.0266712e-05,0.9999621,9.114259e-06,0.9996413,0.9998481,0.9997967,0.0062979064,0.009973811,0.00015303529,0.00048568286
בעניינו של הנאשם הוגשו 2 תסקירים.,0.00020226034,3.2327636e-05,1.8482666e-05,0.999987,0.00053329516,0.0011256483,0.00052145607,0.0016675156,0.009249943,0.00010881616,0.00020455431
תסקיר שירות המבחן מיום 8.6.2023,0.00016619211,2.9200888e-05,1.62106e-05,0.99998736,0.00032864156,0.0007309744,0.00039298472,0.007842588,0.0054618306,0.00013121984,0.0001336961
שירות המבחן סקר את הנסיבות המשפחתיות בהן גדל הנאשם וכן השתלבותו במסגרות השונות החל מגיל נעורים ועד עתה.,0.00010535399,0.99999607,1.8155686e-05,9.681757e-06,0.00048152718,0.0007484522,0.00048037918,0.0075527616,0.009547984,0.00019078133,0.0002570476
"צוין כי הנאשם גדל בנסיבות משפחתיות מורכבות, בעיקר לנוכח התנהגות אביו הביולוגי של הנאשם כלפי אמו והמשפחה.",0.00013191538,0.9999962,2.2783239e-05,9.519537e-06,0.000502764,0.0009476936,0.0010157151,0.07490418,0.026059547,0.00015750685,0.0003997777
"מבחינת בריאותו הרפואית נפשית של הנאשם, צוין בתסקיר כי בגיל 9 נפגע בתאונת דרכים שבגינה נזקק בעיקר לטיפול נפשי - פסיכיאטרי.",0.00012080138,0.9999964,1.9474133e-05,8.961531e-06,0.0004878818,0.000827579,0.00035767647,0.03008365,0.006729137,0.00014891145,0.00018897685
"אולם כבר עתה יאמר, כי בהקשר זה נמסרו על ידי הנאשם, מחד, והאם, מאידך, נתונים שאינם עולים בקנה אחד זה עם אמירתו של זה.",0.00019746234,3.3816075e-05,5.072041e-05,0.9999869,0.0011597838,0.0017106662,0.005557359,0.017280584,0.019366173,0.00023039027,0.0033626503
הנאשם מסר שהיה במעקב פסיכיאטרי שכלל מספר פגישות מצומצמות ואילו בפגישה עם אמו נמסר כי הנאשם היה במעקב פסיכיאטרי שכלל שיחות טיפוליות במשך 5 שנים.,9.711578e-05,0.9999964,3.0850497e-05,8.907765e-06,0.00042113627,0.00072328636,0.0011899599,0.13570112,0.0050996416,0.0002330263,0.0006019804
"מכל מקום, עניין הטיפול הנפשי והתאונה לא אומת מאחר שבפני שירות המבחן לא הוצגו מסמכים.",0.00015131367,3.2035594e-05,2.4293104e-05,0.999985,0.00051581115,0.00086679007,0.0007607935,0.0100797,0.008913617,0.00018236764,0.0001615971
עוד יאמר שגם בפני בית המשפט לא הוצגו מסמכים תומכים המלמדים על מצב בריאותו הנפשית של הנאשם בעבר ובהווה.,0.00011910454,0.9999958,2.3175364e-05,9.294321e-06,0.0004290244,0.00081101997,0.00078278506,0.09407433,0.018387616,0.00018330748,0.00011835166
מהתסקיר עולה עוד כי הנאשם החל להשתמש בקנאביס בנערותו (כיתה י') וכי כיום הינו בעל אישור לקנאביס רפואי.,0.00010126503,0.9999963,2.2843567e-05,8.9176165e-06,0.0010154989,0.00075984653,0.0007931617,0.016650919,0.0054802047,0.00013692754,0.00017759943
"בתסקיר צוין כי הנאשם נטל אחריות מלאה על ביצוען של העבירות, הביע התנצלות על מעשיו והבין את חומרת התנהגותו.",0.000111149144,3.070553e-05,1.9776988e-05,9.002371e-06,0.00045517553,0.00073655875,0.012602619,0.0014800132,0.9986285,0.9997409,0.99877125
הנאשם מסר לשירות המבחן כי שיקול דעתו היה מוטעה והרצון להשיג כסף זמין הוא שהניע אותו לביצוע העבירות.,0.00012293643,3.245373e-05,0.9917276,9.091358e-06,0.00046787024,0.00086052256,0.9547516,0.0047501368,0.6145915,0.0010767443,0.025179697
בתסקיר צוין כי העבירות הובילו אותו לשינוי והתקדמות בחייו.,0.00012234761,0.9999951,1.9093524e-05,9.431676e-06,0.00041569144,0.00093717,0.0011616683,0.004298963,0.38106018,0.00019377995,0.0002602502
"אשר להשתלבות הנאשם בהליך טיפולי; מתסקיר שירות המבחן עלה כי במסגרת הליך המעצר וצו הפיקוח שהיה נתון בו, שולב הנאשם בקבוצה ייעודית לעצורי בית והגיע ל-8 מתוך 12 מפגשים קבוצתיים שהתקיימו בתקופת הפיקוח.",0.000117672425,0.9999958,2.9164987e-05,8.869621e-06,0.00057405996,0.00090483035,0.0005118142,0.013408767,0.00505214,0.00017361183,0.005232973
מהתסקיר עלה שהנאשם השתתף באופן חלקי בשיח הקבוצתי.,0.00010095939,0.9999949,1.8793495e-05,1.1005895e-05,0.00047224725,0.0007510873,0.008005587,0.0029433584,0.009610641,0.00037925257,0.00023608944
"אשר לשילובו ביחידה להתמכרויות, מהתסקיר עולה כי שירות המבחן העריך כי הנזקקות העיקרית של הנאשם היא בתחום הטראומה וכי יש צורך במעקב פסיכיאטרי.",8.720071e-05,0.9999962,2.0270569e-05,9.349911e-06,0.0005767706,0.00074453576,0.00034137344,0.005537283,0.00597068,0.00018150876,0.00092326157
צוין בתסקיר כי הנאשם שולב בשיחות פרטניות ביחידה להתמכרויות בדימונה.,9.621869e-05,0.9999957,1.8105007e-05,9.420412e-06,0.00042522434,0.0008587287,0.00047132556,0.0060562273,0.0049909647,0.00012169079,0.0002698859
"הנאשם הגיע לכלל הפגישות שנקבעו, שיתף פעולה והביע מוטיבציה גבוהה לשינוי אורחות חייו.",0.000112390786,0.99999607,2.120231e-05,8.999928e-06,0.00041057132,0.00086934754,0.0016120104,0.013042715,0.49793413,0.9935214,0.0008320933
"שירות המבחן התרשם כי הנאשם זקוק לטיפול קבוצתי בו ירכוש כלים להתנהלות הסתגלותית וכן שהנאשם זקוק לטיפול בתחום הטראומה, לצורך עיבוד האירועים אשר חווה במהלך חייו.",0.00010736389,0.99999607,1.8812843e-05,0.9999342,0.00051988737,0.00081189733,0.0005002901,0.013036647,0.013461037,0.00012363013,0.00051747117
שירות המבחן התרשם כי הנאשם הביע מוטיבציה גבוהה לשילובו בהליך טיפולי לניהול אורח חיים תקין.,8.830629e-05,0.99999595,1.5597234e-05,8.983129e-06,0.00038540337,0.00074076245,0.00036526565,0.0030962154,0.02624883,0.00020840185,0.00030699465
"בנוגע לגורמי הסיכוי והסיכון הטמונים בנאשם, הדגיש שירות המבחן את אלו; סיכויי השיקום: שירות המבחן התרשם כי הנאשם בעל יכולת וורבלית גבוהה, לוקח אחריות על מעשיו וחומרתם, מגלה אחריות כלפי טיפול באמו הסובלת ממוגבלות פיזית ומביע שאיפות להמשך ניהול אורח חיים נורמטיבי.",0.00010625243,0.9999963,3.992212e-05,8.934889e-06,0.00074206607,0.0011438282,0.00065749604,0.009326688,0.9895555,0.9995316,0.95390433
אשר לגורמי הסיכון: שירות המבחן ציין כי הנאשם גדל במערכת משפחתית מורכבת ואלימה עד לניתוק קשר עם אביו.,9.818859e-05,0.9999963,1.9603354e-05,9.049276e-06,0.00045472238,0.0008496148,0.00063345884,0.01818598,0.0077831987,0.00020613117,0.00041186105
"כמו כן, שירות המבחן התרשם מקיומם של קשיים רגשיים, כגון; דימוי עצמי נמוך, תלות וחרדה.",0.00012695741,0.99999595,1.7437898e-05,9.292655e-06,0.0005923474,0.0010055079,0.00044879643,0.010472847,0.008959573,0.00013696411,0.00036862268
"שירות המבחן ציין כי נראה שהנאשם הצליח לשמור על תפקוד נורמטיבי לאורך השנים, אולם תהליך זה היה רצוף בקשיים רגשיים, אשר הובילו לפגיעה בתפקוד הלימודי והחברתי.",0.00011140497,0.9999964,2.0629914e-05,8.899224e-06,0.0005004904,0.0009257923,0.0004282031,0.013491408,0.008440963,0.00022654558,0.00029730468
"שירות המבחן התרשם עוד כי בהיעדר ליווי מצד גורם טיפולי ומקצועי, מצוקתו הרגשית של הנאשם לא טופלה.",0.00011868086,0.99999595,1.7808214e-05,9.300182e-06,0.00046491623,0.0008692515,0.00043730857,0.00647509,0.012140197,0.0002807624,0.00022071386
עוד הודגש כי השימוש בסמים היווה מפלט לצרכיו הרגשיים והפיזיים של הנאשם.,9.056398e-05,0.9999957,2.220513e-05,9.2125865e-06,0.00045397002,0.00093551195,0.0032046519,0.006709056,0.020067343,0.00015041731,0.000219621
שירות המבחן התרשם כי הנאשם חבר לחברה שולית בשל הצורך להשתייך.,0.00011582276,0.9999956,1.8010121e-05,9.365456e-06,0.00039259827,0.00079716556,0.0008383089,0.002512348,0.010912266,0.0001035765,0.00020213041
כן שירות המבחן התרשם מאדם המתקשה להשתלב בעבודה ולשמור על רצף תעסוקתי.,0.000115958246,0.99999595,1.8988332e-05,9.071111e-06,0.00038841568,0.00089475344,0.00029127396,0.0068879942,0.0044879247,0.0001341203,0.000116009134
"נוכח כל האמור לעיל, המליץ שירות המבחן, במסגרת תסקירו הראשון, על דחייה בת שלושה חודשיים לצורך שילוב הנאשם בהליך טיפולי בשירות המבחן וכן בהליך טיפולי בתחום הטראומה.",0.00014231484,2.957934e-05,1.7983244e-05,0.999987,0.0005565221,0.0007832869,0.00036465994,0.0028291,0.005472352,0.00011124733,0.0075682816
תסקיר משלים מיום 14.8.2023,0.000167549,2.953151e-05,1.8640952e-05,0.99998724,0.00032572236,0.00079517317,0.0004551096,0.037004057,0.005842522,0.00019222457,0.00021160311
מהתסקיר המשלים עולה כי ביום 2.8.2023 החל הנאשם השתתפותו בקבוצה טיפולית בשירות המבחן.,0.00013811086,0.99999607,1.6837259e-05,9.0718895e-06,0.00053025555,0.0007242243,0.0004418948,0.004014129,0.0045902412,0.00014068469,0.00063145923
"צוין, כי הנאשם השתתף באופן פעיל בקבוצה ושיתף אודות חייו האישיים באופן המותאם לשלב הטיפולי בו נמצא.",0.00011119727,0.9999962,1.8232793e-05,8.901804e-06,0.0004284591,0.00078778376,0.0013035652,0.03180338,0.01902035,0.00028712497,0.00045766114
"כמו כן, צוין כי הנאשם קשוב ליתר חברי הקבוצה וניכר כי מביע דעותיו.",0.00011802517,0.9999956,2.1662067e-05,9.184787e-06,0.0004473357,0.0009930448,0.001661813,0.006473459,0.43283477,0.0015824145,0.00037547544
"בתסקיר המשלים צוין כי בתקופת הדחייה ביצע הנאשם 7 בדיקות שתן למציאת שרידי סמים, מתוכן 5 יצאו נקיים משירידי סם ול-2 בדיקות לא הגיע הנאשם.",0.00012220349,0.96842504,0.99975175,8.9762525e-06,0.94036347,0.013208364,0.0058791703,0.027749581,0.006635525,0.00031755964,0.00049709406
"שירות המבחן ציין כי פנה לקופת החולים של הנאשם וכן למחלקת הרווחה, אולם נמסר על ידי הגורמים האמורים כי הנאשם לא עבר מעולם אבחון פסיכיאטרי.",0.00010357235,0.9999963,2.0626294e-05,9.109896e-06,0.00051022955,0.00075373123,0.00050903467,0.009420675,0.008656854,0.00019074496,0.00033762792
"עוד עולה מהתסקיר המשלים כי במהלך תקופת הדחייה, התקשה הנאשם לקדם הליך טיפולי בתחום הטראומה וכי רק לאחרונה הצליח לתאם תור לפסיכיאטר.",0.000109929075,0.99999607,1.8713052e-05,8.962702e-06,0.00045126525,0.0008258487,0.00035763351,0.015462239,0.005186846,0.00016228578,0.00022321685
"נוכח האמור לעיל, שירות המבחן המליץ על ענישה חינוכית שיקומית אשר תכלול צו מבחן למשך שנה וצו של""צ בהיקף של 400 שעות.",0.046051923,3.0206622e-05,1.580844e-05,0.99998784,0.0004932466,0.0007878518,0.00030313258,0.0018597231,0.005171817,9.261425e-05,0.00036064247
"ב""כ המאשימה עמדה בטיעוניה לעונש על עובדות כתב האישום, והנסיבות המחמירות הקשורות בביצוע העבירה - העובדה שמדובר בשתי עבירות סחר ובסוג סם קשה.",0.00013340297,3.0891715e-05,0.99987984,9.235689e-06,0.991582,0.0018744458,0.95770097,0.0016967779,0.69452685,0.00057803525,0.06399916
"בנוסף, ב""כ המאשימה עמדה על עברו הפלילי של הנאשם, כאשר בהקשר זה הודגש כי לנאשם הרשעה קודמת הן בעבירת סמים והן בעבירה של החזקת סכין (תע/1).",0.00011987442,0.9999963,2.1021353e-05,9.05512e-06,0.0005425213,0.0008301965,0.0019133239,0.002190013,0.016220713,0.00015243265,0.76003003
"ב""כ המאשימה טענה כי מתחם העונש ההולם במקרה זה נע בין 8 חודשי מאסר בדרך של עבודות שירות ועד ל-18 חודשי מאסר בפועל.",0.0001124714,3.0483066e-05,1.8998275e-05,0.9999881,0.0005632811,0.0010596788,0.0003184191,0.0010678051,0.0058107516,8.068177e-05,0.0004831391
"לטענת ב""כ המאשימה, בשל נסיבותיו של הנאשם, יש למקם את הנאשם בחלקו התחתון של המתחם, ולהשית עליו מאסר בדרך של עבודות שירות, לצד מאסר מותנה וקנס.",0.14589904,3.021714e-05,1.925256e-05,0.99998736,0.0006568973,0.0010479031,0.00034044395,0.0010147222,0.009063264,9.26768e-05,0.98877454
"בטיעוניו לעניין העונש הדגיש ב""כ הנאשם את נסיבות חייו של הנאשם.",0.00011644013,3.216766e-05,1.9726642e-05,0.9999871,0.00036797996,0.00078776246,0.0003871833,0.0019889325,0.72778887,0.00013159802,0.0006265294
"בהקשר זה טען ב""כ הנאשם כי בצעירותו עבר תאונת דרכים שהותירה את הנאשם נכה נפשית.",0.000102698345,0.99999595,1.883399e-05,9.039054e-06,0.00038773107,0.0007783482,0.00060032494,0.0118325865,0.037321154,0.00012808351,0.00033111346
"נטען כי בעקבות אותה תאונת דרכים, הנאשם נזקק לטיפול פסיכיאטרי וכי הוא סובל מפוסט טראומה.",0.000102915,0.9999963,1.7474456e-05,9.174859e-06,0.00043237582,0.00079460203,0.00065238524,0.0060884627,0.015653078,0.00013908818,0.00031786406
"עוד נטען על ידי ב""כ הנאשם כי תסקיר שירות המבחן בעניינו של הנאשם הוא חיובי ואינו כולל כל המלצה עונשית וזאת לנוכח ההליך שהנאשם עבר במסגרת שירות המבחן.",0.00012134676,3.1998043e-05,2.0022957e-05,0.9999871,0.0005085146,0.0008420516,0.00036524827,0.0013760023,0.012043819,0.0002147124,0.0018113462
"ב""כ הנאשם הפנה למכתב מטעם הרווחה (נע/1) שלטעמו עולה בקנה אחד עם ממצאי התסקיר בדבר הצורך בהמשך הליך טיפולי לנוכח מצב הנפשי והפוסט טראומה שהנאשם פיתח.",0.000114780916,0.99999416,2.0731286e-05,9.194225e-06,0.000548472,0.0009204903,0.0005920226,0.013193605,0.02031847,0.00018347887,0.0002707516
"נוכח נתוני התסקיר והמפורט בו, עתר ב""כ הנאשם לאמץ את המלצות שירות המבחן.",0.00011987213,3.161543e-05,1.755828e-05,0.99998724,0.0005317709,0.00096360024,0.0006014334,0.0022937045,0.012722613,0.00016926671,0.0002812626
"ב""כ הנאשם טען כי אין לקבל את עתירת התביעה לעונש מאסר שירוצה בעבודות שירות, שכן הדבר ייפגע ביכולת השיקום של הנאשם ובהשתלבותו בהליך טיפולי במסגרת צו מבחן.",0.00016125556,3.0085019e-05,1.8604724e-05,0.99998724,0.00055360957,0.0008245151,0.00034561218,0.0019304059,0.010499891,0.00011059578,0.04483218
"ב""כ הנאשם הדגיש עוד כי מדיניות הענישה הנוהגת בעבירות מסוג זה, ובכלל, מתפרשת על פני מנעד רחב של עונשים.",0.00013921516,3.100709e-05,1.9534378e-05,0.99998736,0.00063638465,0.0011575018,0.00054097775,0.0014593815,0.025055965,0.0001319335,0.00047202225
"לטעמו, במקרה קונקרטי זה, מתחם העונש יכול שיתחיל בשירות לתועלת הציבור (של""צ) ויסתיים בעונש מאסר בפועל.",0.00018831437,3.1579362e-05,1.9605746e-05,0.9999876,0.0005716665,0.0009738801,0.0005133567,0.0011799358,0.0063892715,0.00011297649,0.002547045
"נוכח נתוניו, כך עתר הסניגור, יש למקם את הנאשם בתחתית המתחם ולהטיל עליו של""צ מורחב וצו מבחן בהתאם להמלצות התסקיר.",0.00013494503,3.1493262e-05,1.94257e-05,0.9999875,0.0005741685,0.0009688515,0.00039600875,0.0017991627,0.009054092,0.0001407836,0.0010477089
"יאמר, כי כבר בתחילת טיעוניו הדגיש ב""כ הנאשם את העובדה שהנאשם היה נתון במעצר מאחורי סורג ובריח משך תקופה של כשלושה חודשים וכי לאחר מכן נעצר באיזוק אלקטרוני לתקופה משמעותית.",0.0001065044,0.9999938,2.4733024e-05,0.99963117,0.00045743346,0.0008472068,0.0004097233,0.0048092343,0.015978642,0.00023888996,0.82838875
"הנאשם בדברו האחרון אמר כי הוא מתחרט על מעשיו, מבין את גודל הטעות ולמד ממנה.",0.0001801202,3.3064873e-05,2.4665303e-05,9.084373e-06,0.0005248509,0.0009604138,0.0012124429,0.0047402144,0.99840707,0.99816823,0.049731404
הנאשם ציין כי יש לו שאיפה להתקדם בחייו.,0.00010270549,0.9999958,1.9148483e-05,9.121119e-06,0.00035903155,0.0009143776,0.0007138633,0.005981892,0.08600563,0.00015259553,0.00024894942
נסיבות הקשורות בביצוע העבירה,0.00019420446,3.0330051e-05,4.898842e-05,0.9999875,0.0003267051,0.0005161015,0.1778518,0.008237687,0.28210998,0.00015182164,0.00012985454
"באשר ליכולתו של הנאשם להבין את אשר הוא עושה, את פסול שבמעשיו או את משמעותו, לרבות בשל גילו וכן באשר ליכולתו של הנאשם להימנע מהמעשה ומידת השליטה שלו על מעשהו; יאמר שמדובר בנאשם בגיר שביצע את העבירות המיוחסות לו תוך מודעות והבנה מלאה לאיסור ולפסול שבמעשיו.",0.00011891422,0.9999949,0.009716915,9.274646e-06,0.0008718461,0.0011979395,0.027525268,0.013213866,0.9883781,0.021360643,0.9992198
"הדעת נותנת שהנאשם ביצע את עבירות הסחר ממניע כלכלי, כפי שצוין בתסקיר, ועל מנת להשיא רווח קל לעצמו, תוך מודעות מלאה לנטילת סיכון בביצוע העבירות.",0.0001299292,3.2957178e-05,0.99959534,8.9286705e-06,0.00091437896,0.0010798156,0.9963658,0.0027913754,0.8078324,0.56777054,0.6313516
"אשר למדיניות הענישה הנוהגת, מצאתי את הפסיקה שלהלן כרלבנטית לקביעת מתחם העונש ההולם:",0.00012178935,2.9671019e-05,1.8738125e-05,0.9999876,0.00040706698,0.0010017969,0.0005970403,0.0014764596,0.015003469,7.9315214e-05,0.00018379121
"חלק מהפסיקה שהבאתי לעיל, עניינה בעבירות של סחר בסם מסוג קנאביס.",0.00013973171,3.062926e-05,0.0003695151,0.999987,0.9850825,0.076660536,0.20142116,0.0038665892,0.00764417,9.222471e-05,0.00026746446
"עם זאת, לטעמי, מדיניות הענישה שפורטה לעיל רלוונטית גם לעניינו וזאת מקל וחומר, שהרי אם בפסיקה זו אושרו מתחמים הנעים בין 6 ל-24 חודשי מאסר בגין עבירות של סחר בסם מסוג קנאביס הנחשב לסם ""קל"", הרי שעתירת התביעה במקרה זה, בו עסקינן בסחר בסם מסוג MDMA, נכונה וראויה.",0.00012935609,3.3244996e-05,0.9993611,0.9999863,0.9993513,0.9696581,0.057960864,0.0025617478,0.013100554,0.00015588364,0.0020524042
בטיעוניהם לעונש לא התייחסו הצדדים לשאלה אם יש לקבוע מתחם אחד לשני האישומים או שמא יש לראות בכל אישום אירוע נפרד.,0.00010202328,3.179491e-05,2.4060422e-05,0.99998736,0.00059709774,0.0013204092,0.0006535258,0.0024446286,0.014675773,0.00020021324,0.0024117357
נוכח עמדת הצדדים אף אני איני נדרש לשאלה.,0.00022808614,3.160868e-05,2.7781707e-05,0.99998665,0.00048617896,0.00091570534,0.00088906963,0.038967375,0.013226095,0.00016004233,0.00041044535
"על כן, אקבע מתחם אחד לשני האישומים כאירוע אחד.",0.00015125482,3.2001153e-05,2.059182e-05,0.99998736,0.00057225855,0.0013226464,0.00079649274,0.0014554454,0.009647069,0.00012744806,0.00030832013
דומה שתוצאה כזו מתבקשת גם לנוכח סמיכות הזמנים שבין האישומים.,0.0001896382,3.0468855e-05,2.1311938e-05,0.99998724,0.00057349686,0.0013219292,0.00084040954,0.007381849,0.019827548,0.00016770534,0.0003084913
"לאחר שקלול מכלול הנסיבות והשיקולים הרלוונטיים, אני סבור שמתחם העונש ההולם את המעשים בשני האישומים נע בין 7 חודשי מאסר שיכול וירוצו בעבודות השירות לבין 18 חודשי מאסר בפועל.",0.00020559023,3.0422403e-05,2.2741213e-05,0.9999877,0.0007413028,0.0011251464,0.00038455505,0.00069143315,0.019064242,0.00010145506,0.007665345
נסיבות שאינן קשורות בביצוע העבירה,0.00018933899,3.000233e-05,3.7038062e-05,0.99998736,0.0002966464,0.0004738654,0.068180576,0.009255613,0.087589405,0.00016303414,0.00014979354
"במסגרת הנסיבות שאינן קשורות בביצוע העבירה, יש לזקוף לזכות הנאשם את העובדה שהנאשם לקח אחריות על מעשיו, הודה בעובדות כתב האישום המתוקן וחסך זמן שיפוטי יקר.",0.00011305431,3.0958363e-05,8.256736e-05,8.949267e-06,0.0004839114,0.0007809322,0.20540518,0.0012679603,0.99832195,0.9996625,0.9998673
"בנוסף, יש לקחת בחשבון כי הנאשם לקח חלק מסוים בהליך טיפולי בפני שירות המבחן.",0.00011637742,3.004906e-05,1.772154e-05,0.99997973,0.00044397707,0.00087964145,0.00062763924,0.003326349,0.012545872,0.00016481994,0.0015229029
כך גם יש לזקוף לזכות הנאשם את גורמי הסיכוי לשיקום שבאו לידי ביטוי בתסקיר שירות המבחן.,0.000118565025,3.0500309e-05,1.7642791e-05,0.9999877,0.0004185474,0.0009520108,0.00051738886,0.0025456864,0.08787395,0.00039226608,0.0027975873
"בכלל זה, יש לתת משקל מסוים גם לשאיפת הנאשם להתקדם ולנהל אורח חיים נורמטיבי.",9.9516656e-05,0.9999956,2.1127145e-05,4.3117954e-05,0.00046303088,0.0011193298,0.00045912273,0.011142051,0.030468836,0.00014331439,0.00036229155
"עם זאת, אינני סבור שתסקירי שירות המבחן בעניינו של הנאשם חיוביים, וזאת כפי שיפורט להלן.",0.00018800328,3.154875e-05,1.9791441e-05,0.9999871,0.00064073026,0.001128891,0.0005427126,0.0017834641,0.0087226285,0.00014024376,0.0010219286
"עיינתי היטב בתסקירי שירות המבחן ושמעתי טענות ב""כ הנאשם, ולא אוכל לתת לתסקירים משקל של ממש במסגרת גזירת העונש.",0.00013284417,3.2085674e-05,1.9462082e-05,0.99998665,0.00051146356,0.0010707593,0.00044594257,0.001843397,0.02756162,0.0013917868,0.0017984341
בכל הכבוד הראוי תסקיר שירות המבחן אינו חיובי ובוודאי שהמלצתו אינה תואמת את חומרת העבירות בהן הורשע הנאשם.,0.00014873747,3.0235151e-05,1.747794e-05,0.99998736,0.00048130276,0.000876514,0.0006048497,0.00095560396,0.19789,0.00024561715,0.018186977
"ראשית, במסגרת התסקיר הראשון שירות המבחן ציין שלל גורמי סיכון הטמונים בנאשם ואולם במסגרת התסקיר המשלים שהוגש לא ניתן להבין כיצד טופלו אותם גורמי סיכון.",0.00011842175,3.128319e-05,2.2147075e-05,0.9999871,0.00057784247,0.000874997,0.0006635462,0.006679848,0.0074470364,0.00022062086,0.00034190045
שירות המבחן לא פירט אלו תכנים עובדו במסגרת הקבוצה הטיפולית.,0.00016625202,3.2097e-05,2.2411212e-05,0.9999864,0.0006197672,0.000879137,0.0014806448,0.024742799,0.0059221024,0.00021217647,0.0002130636
"שנית, עיון בתסקיר מלמד כי קיים קושי מובנה לתת אמון מלא לדיווחי הנאשם ואמו ביחס לנסיבותיו הרפואיות והנפשיות בעקבות תאונת דרכים שעבר הנאשם משעה שהאירועים לא אומתו ולא הוצג כל מסמך התומך בטענות אלה.",0.000104279534,0.99999475,6.3338375e-05,8.734568e-05,0.00079531036,0.00111212,0.00108672,0.042201705,0.03207969,0.0066756033,0.000919202
"כך, הן משום הסתירה שבין דברי הנאשם (לפיו עבר הליך טיפולי מצומצם אצל פסיכיאטר בעקבות תאונת הדרכים) ובין דברי האם (לפיהם הנאשם טופל לכאורה אצל פסיכיאטר במשך 5 שנים) והן משום שגם בפניה לגורמי הרווחה וקופת החולים לא נמצא תיעוד לכך שהנאשם עבר אבחון פסיכיאטרי.",0.000102829064,0.99999607,0.026519524,9.204745e-06,0.0008628528,0.000923786,0.0024413723,0.2173668,0.019610811,0.00028791168,0.0029261836
קושי נוסף בתסקיר אני מוצא בכך ששירות המבחן נתן לכאורה משקל לעובדה שלא נמצאו שרידי סם ב-8 בדיקות שתן שנערכו לנאשם.,9.0402726e-05,3.022414e-05,0.9991756,9.615991e-06,0.27559522,0.10983722,0.0055088717,0.0077674054,0.01091676,0.00036354968,0.0003011545
עניין זה תמוה בעיני.,0.00027045468,3.5415036e-05,3.737941e-05,0.9999865,0.00058808,0.0016166023,0.000789673,0.3236649,0.020770758,0.0002689935,0.0003368362
"זאת, לנוכח העובדה שנטען כי הנאשם מחזיק ברישיון רפואי לקנאביס.",0.00013673314,0.99999547,0.003271362,9.156547e-06,0.0008096024,0.000890757,0.0037193543,0.016569782,0.0053184726,0.00011222714,0.00024559884
"אמנם לנאשם מיוחסות עבירות סמים, אולם המניע לביצוע העבירות בהן הורשע הנאשם הוא מניע כלכלי מובהק ולא התמכרות לחומרים משני תודעה.",0.00013669938,3.525827e-05,0.9998995,9.1877655e-06,0.0029188043,0.00092145865,0.9618085,0.0026006016,0.078913234,0.00015941533,0.045688268
"למרבה ההפתעה, העובדה שהנאשם אינו סובל מבעיית התמכרות מתחזקת לנוכח העולה ממכתב העו""ס, מרכזת היחידה לטיפול והתמכרויות לשיקום האסיר, שזו מומחיותה.",0.00014315856,0.99999547,2.57941e-05,9.0854555e-06,0.00055947196,0.0008945044,0.0005486434,0.06774604,0.01732073,0.00022346579,0.00050962967
"כך גם עיינתי במכתב מטעם הרווחה שהוגש ע""י ההגנה (נע/1) ולא מצאתי בו ממש.",0.00015806878,3.3318436e-05,2.821195e-05,0.99998736,0.00053620455,0.0013011992,0.0014957087,0.16826974,0.010038938,0.00029487503,0.00036074474
גם מכתב זה מאמץ ככזה ראה וקדש את הדיווח שנמסר מהאם ומהנאשם בדבר הליך טיפולי נפשי אינטנסיבי שעבר הנאשם מבלי שהוצגו תימוכין לטענה להליך טיפולי פסיכיאטרי ממושך שעבר הנאשם וכאשר שירות המבחן ציין מפורשות בתסקיר המשלים כי בפנייה לקופת החולים לא התקבל כל דיווח התואם הליך טיפולי ממושך ולא נמצא שהנאשם עבר אבחון.,0.00013070558,0.99999523,8.576357e-05,0.00021501335,0.00083569123,0.0009889002,0.0012408268,0.07827413,0.015631191,0.0005662156,0.0019604084
"במכתב ציינה העו""ס כי להתרשמותה הנאשם מתמודד עם בעיה של ""פוסט טראומה"" ולא מהתמכרות לסמים.",9.2044436e-05,0.999678,1.9701034e-05,9.287064e-06,0.00036669703,0.0008995548,0.00040915303,0.017578512,0.013125632,0.00019513792,0.0002599462
"על כך יש לשוב ולתהות, שכן לא צוין הבסיס והתימוכין לקביעה זו.",0.0002268737,3.2306558e-05,3.998697e-05,0.99998724,0.00083367666,0.0015001534,0.0014444498,0.33228886,0.026175182,0.00021255249,0.0003235827
"כך במיוחד לנוכח העובדה שבסיפא של המכתב הומלץ על תהליך אבחון ואיזון נפשי ע""י פסיכיאטר מכוון טראומה.",0.00013489857,0.034931522,2.0076379e-05,9.395417e-06,0.0006247045,0.0010275127,0.00072658726,0.12396729,0.013117907,0.00017984289,0.00019814492
"המלצה זו כשלעצמה מלמדת על כך שהנאשם טרם אובחן ע""י גורם מוסמך כסובל מפוסט טראומה.",9.046205e-05,0.9999957,1.7655382e-05,9.256037e-06,0.0003823927,0.00083243544,0.00041458814,0.024617804,0.019352559,0.00020790251,0.00021171695
"בהקשר זה אין לי אלא להפנות לסיפא של התסקיר המשלים שבו צוין כי רק לאחרונה הצליח הנאשם לתאם תור לפסיכיאטר, ממילא, אין בנמצא אבחון פסיכיאטרי קודם שנערך לנאשם.",0.00012992808,0.99999547,2.2097414e-05,0.3943381,0.0005042545,0.00097510323,0.00047779808,0.01645975,0.009082274,0.00014510556,0.00035290816
"בנוסף, אחד הקשיים הבולטים של הנאשם, כך נראה בעיני, טמון בהיעדר השתלבות בעבודה ובחוסר יכולת לשמור על רצף תעסוקתי.",0.00015900603,0.9999962,2.1442802e-05,9.0540325e-06,0.00047012928,0.0011037446,0.0003616959,0.039960373,0.0090799695,0.00017265567,0.0004470748
"גורם סיכון זה, כך נראה, לא עובד ולא טופל ונותר גורם סיכון להישנות עבירות דומות ממניעים כלכליים.",0.00019539431,3.462253e-05,2.6944004e-05,0.99998724,0.00070883636,0.001080186,0.0043837265,0.05060064,0.02081355,0.00030477336,0.0005308674
"כך גם, גורמי סיכון אחרים בדמות חבירה לחברה שולית, לא נראה שטופלו כנדרש.",0.00020108566,3.2152388e-05,0.0015480638,0.99998724,0.00085066375,0.001204178,0.0021471537,0.85037625,0.0090791015,0.00025011736,0.00027822374
"נוכח כל האמור, אני סבור שיש לתת משקל נמוך לתסקיר שירות המבחן.",0.00011893463,3.0864474e-05,1.8131825e-05,0.9999871,0.00043116946,0.0010581696,0.00038619593,0.0015072712,0.013864744,0.00012834932,0.00024030423
בהקשר זה נקבע כבר בפסיקה כך:,0.00022453473,3.170474e-05,2.1177695e-05,0.9999869,0.00040189514,0.0010162401,0.00094090716,0.07878818,0.009933783,9.02408e-05,0.00020002147
"כפועל יוצא מכך, מצאתי שאין מקום במקרה זה לאמץ את המלצות שירות המבחן ולהסתפק בשל""צ בלבד.",0.00018166112,3.1659692e-05,1.8208273e-05,0.9999871,0.00063236465,0.0011825981,0.0005588785,0.0016769001,0.009625558,0.00017780802,0.00028888395
"מסקנתי הנוספת בקשר לאמור בתסקיר שירות המבחן ובמכתב מטעם הרווחה (נע/1), וזאת אף אם אקבל מסקנתם והמלצתם, היא שההליך הטיפולי בעניינו של הנאשם טרם החל, שהרי הנאשם לא אובחן כלל על ידי פסיכיאטר.",0.00015652289,0.9999963,2.7331473e-05,9.456778e-06,0.0008679451,0.001167629,0.000815441,0.0056691794,0.009483994,0.00021261878,0.002904026
"ב""כ הנאשם טען כי הנאשם שהה במעצר באיזוק אלקטרוני תקופה משמעותית (עמ' 13 שו' 28 לפרוטו'), וכי יש להביא בחשבון גם תקופה זו לעניין העונש, אלא שאין ממש בטענה זו שכן הנאשם לא היה נתון במעצר באיזוק אלקטרוני כלל.",0.0001259574,0.9999957,2.9098146e-05,0.99998796,0.0005534521,0.0010268037,0.0006393404,0.004781229,0.008691527,0.0002042824,0.075839974
לחובת הנאשם יש להביא בחשבון את עברו הפלילי הכולל 2 הרשעות קודמות שהאחרונה שבהן היא הרלבנטית.,0.00013528141,0.9999962,1.964623e-05,8.926014e-06,0.00048234122,0.00089210924,0.0005494004,0.0026247755,0.024961296,0.00020300265,0.00047370614
בהרשעתו האחרונה נידון הנאשם בעבירות של החזקת סכין והחזקת סם לצריכה עצמית (הרשעה מיום 7.7.2022 בגין עבירות שבוצעו ביום 31.1.2020.,0.00013489368,0.9999951,5.8446345e-05,9.079965e-06,0.006095606,0.011107418,0.038742155,0.00290549,0.010555527,0.00015102666,0.9986358
כתב האישום שם הוגש בחודש אוקטובר 2020).,0.00022130345,3.1304437e-05,2.0332893e-05,0.99998736,0.00048367318,0.0009642017,0.0012338867,0.0060945055,0.012975247,0.000147929,0.00025604697
עוד יש לזקוף לחובתו של הנאשם את העובדה שביצע את העבירות נושא הליך זה (כתב האישום הוגש בחודש ספטמבר 2021),0.0001016719,3.0994375e-05,1.56501e-05,0.9999877,0.0003733592,0.00066264375,0.004364771,0.0011453333,0.6694723,0.0002288503,0.76292723
בעוד הוא עומד לדין בגין עבירות של סמים והחזקת סכין בבית משפט אחר.,0.00016876825,3.1286145e-05,4.0394e-05,3.8988663e-05,0.00051081704,0.0009628884,0.013605532,0.0023297865,0.009312436,0.0001018492,0.0003504563
"לנוכח המפורט לעיל, ובעיקר בשים לב לעמדת התביעה, אני סבור שהעונש המתאים צריך לעמוד בחלקו התחתון של המתחם.",0.0001841329,2.9948702e-05,2.4913576e-05,0.9999871,0.0005643581,0.001210415,0.00056759745,0.0039169067,0.011559288,0.00010683183,0.00024934614
"באיזון הכולל אני סבור שיש להטיל על הנאשם עונש מאסר שירוצה בעבודות שירות ויאפשר לנאשם להשתלב בהליך טיפולי באמצעות צו מבחן, ככל שירצה ויירתם לכך.",0.17346159,3.0121531e-05,1.9243127e-05,0.99998736,0.0005760034,0.0009281275,0.00038510605,0.0010470325,0.006206393,0.000108078406,0.51705915
"הנאשם הופנה, בהסכמתו לקבלת חוות דעת הממונה על עבודות השירות.",0.00015437265,3.162556e-05,1.798815e-05,1.0207533e-05,0.0004508602,0.0009500523,0.00053958426,0.0037726022,0.0068723545,0.0001210674,0.0003437857
מחוות דעת הממונה מיום 24.1.2024 נמצא הנאשם מתאים לביצוע עונש מאסר בדרך של עבודות שירות.,0.00013068106,3.0703275e-05,1.7173334e-05,0.9999875,0.0006161236,0.001088204,0.00055605656,0.0019975759,0.0059547033,0.00015346138,0.0003310535
"לאחר שנתתי דעתי לכלל הנסיבות שאינן קשורות בביצוע העבירה, הגעתי לכלל מסקנה שיש למקם את הנאשם ברף התחתון של מתחם העונש ההולם, כפי שעתרה התביעה.",0.00016817228,2.9899218e-05,2.1950204e-05,0.99998724,0.00053912675,0.000908926,0.0008366841,0.000968069,0.0660719,0.00013487336,0.44625056
"לפיכך, אני מחליט לגזור על הנאשם את העונשים הבאים:",0.99976236,3.0679894e-05,2.0472986e-05,0.9999871,0.00041950427,0.0010827989,0.00043805878,0.0014589312,0.34922972,0.00011250744,0.00048065057
"7 חודשי מאסר, אשר ירוצו בעבודות שירות, החל מיום 15.5.2024 , בעיריית דימונה , וזאת על פי חוות דעת הממונה על עבודות השירות מיום 24.1.2024.",0.9999573,2.9741504e-05,2.1074282e-05,8.979925e-06,0.00072086486,0.0012536639,0.00044125484,0.0052060476,0.006516807,0.0001711118,0.0017696434
על הנאשם להתייצב ביום 15.5.2024 עד לשעה 08:00 במשרד הממונה על עבודות שירות בבאר שבע לתחילת ריצוי עונשו.,0.00013388289,2.9494755e-05,1.9757195e-05,0.99998796,0.00049542775,0.00084096513,0.00038366448,0.005306977,0.0054160166,0.00017054511,0.00080912653
מובהר בזה כי הפרת הוראות הממונה ואי עמידה בכללים הנוגעים לריצוי עבודות השירות עלולים להביא להפקעת העבודות ולהמרת העונש בעונש מאסר של ממש;,0.00017370707,3.0451602e-05,2.5363517e-05,0.9999871,0.0005585702,0.0008962935,0.00041254357,0.012467929,0.03530131,0.0001333423,0.0003545034
"6 חודשי מאסר, שלא ירוצו אלא אם יעבור הנאשם עבירות סמים מסוג פשע וזאת בתוך שלוש שנים מהיום;",0.999959,3.073741e-05,2.0893242e-05,9.003556e-06,0.00043530058,0.0008808726,0.00057605695,0.0013017365,0.007129589,9.899439e-05,0.0020736787
"קנס בסך 4,000 ₪, או 40 ימי מאסר תמורתו.",0.99995804,0.9943342,2.7475311e-05,9.076354e-06,0.0007067911,0.0013541249,0.00084813446,0.004348278,0.009622617,0.00022889896,0.00047904765
הקנס ישולם ב-4 תשלומים שווים ורצופים בכל  עשירי בחודש.,0.00018938704,3.0440046e-05,2.4593246e-05,9.0170815e-06,0.0005347341,0.0012895776,0.0015301503,0.0087171765,0.006286488,0.00023505156,0.0003977117
"כל תשלום על סך 1,000 ₪.",0.99993694,3.2290354e-05,3.9615614e-05,9.399646e-06,0.0009331964,0.0013879548,0.008610788,0.14354546,0.012705673,0.0003676253,0.0005845056
תשלום ישולם עד ליום 10.3.24.,0.00016920573,3.0028432e-05,2.3457264e-05,0.99998677,0.0004927541,0.00097362825,0.00071917754,0.21572234,0.0059137368,0.00027372298,0.00021487931
"לא ישולם תשלום במועד או לא ישולם כלל, יעמוד הקנס לפירעון מיידי;",0.8976827,3.0501355e-05,2.6450354e-05,0.99998736,0.00046036163,0.00083435286,0.0005533677,0.028098207,0.0049808584,0.000199178,0.00035306797
"ככל שקיים פיקדון, הקנס יקוזז מתיק המ""ת 42839-09-21 והיתרה תוחזר לנאשם.",0.99796474,3.1014482e-05,2.7428814e-05,0.99998724,0.0006179588,0.0008918317,0.0007181701,0.0058930125,0.0049645673,0.00012333893,0.00026830577
צו מבחן לתקופה של שנה מהיום.,0.9999025,3.1607717e-05,2.0659289e-05,9.242692e-06,0.00043683776,0.0010822008,0.00045188988,0.008412237,0.0034100215,0.00012360608,0.00028874128
"במהלך תקופה זו הנאשם מחויב בשיתוף פעולה עם שירות המבחן, כאשר מובהר כי הפרת  הצו תוכל להביא לפתיחה מחודשת של המשפט וגזירת עונשו של הנאשם, לרבות עונש מאסר.",0.00011971987,3.0051153e-05,2.0106307e-05,1.194313e-05,0.00064537243,0.000909712,0.00046673953,0.0020757082,0.008995055,0.00012011311,0.0014058615
"החוב מועבר למרכז לגביית קנסות, אגרות והוצאות ברשות האכיפה והגבייה, בהתאם למועדים והתשלומים שנקבעו למעלה.",0.00017645216,3.1241216e-05,3.794758e-05,0.999175,0.0006918648,0.00112355,0.00046374334,0.08878532,0.011141114,0.00012666901,0.00035897183
"ניתן יהיה לשלם את הקנס תוך שלושה ימים מהיום לחשבון המרכז לגביית קנסות, אגרות והוצאות ברשות האכיפה והגבייה באחת מהדרכים הבאות:",0.000106838255,2.9971705e-05,2.607503e-05,9.521307e-06,0.0004904473,0.0009958019,0.00033801424,0.04317608,0.0071588093,0.00015261243,0.00049068575
"מוצגים, בהסכמת הצדדים, שני מכשירי טלפון נייד שנתפסו ברשות הנאשם, יוחזרו לידיו.",0.999926,3.1644147e-05,0.999741,5.91573e-05,0.0007108837,0.27790076,0.033938807,0.10441208,0.011306695,0.00015047211,0.0012540221
המזכירות תמציא ההחלטה לשירות המבחן ולממונה על עבודות השירות.,0.9998523,3.1168755e-05,2.152927e-05,0.9999882,0.00052681286,0.0009795998,0.0004807635,0.011137616,0.016191922,0.00015579091,0.00039162824
5129371זכות ערעור לבית המשפט המחוזי בירושלים תוך 45 ימים מהיום.,0.9999138,3.0209705e-05,2.2025713e-05,0.9999875,0.0006240396,0.0013910037,0.00061609544,0.01256334,0.0065527163,0.00011844525,0.0005429685
"ניתן היום,  כ""ה שבט תשפ""ד, 04 פברואר 2024, במעמד הצדדים.",0.9995572,3.101933e-05,2.5936717e-05,0.999987,0.0005125387,0.0013573308,0.0008022247,0.14143772,0.014595707,0.00019019104,0.002992819
