text,CIR_PUNISHMENT,GENERAL_CIRCUM,CIRCUM_OFFENSE,reject,CIR_TYPE,CIR_AMOUNT,CIR_ROLE,CIR_EQ,REGRET,RESPO,CONFESSION
גטו סת ת.ז. 332589860,0.00027066437,3.1826705e-05,3.1421023e-05,0.9999876,0.000542507,0.0013036707,0.0015857486,0.17569672,0.010912946,0.00020235234,0.0005472993
"ב""כ המאשימה עו""ד – אילנית נחום",0.00018521161,3.130196e-05,1.9288029e-05,0.9999876,0.0003300463,0.00077733235,0.00070923095,0.20931357,0.013597582,0.0001238692,0.00027573036
"הנאשם -  בעצמו ובא כוחו עו""ד – גיל פרידמן",0.00018255693,3.2090877e-05,1.97503e-05,0.9999852,0.0004675954,0.0008130392,0.0007004307,0.029235942,0.01168609,0.00014670746,0.0006091528
"פקודת הסמים המסוכנים [נוסח חדש], תשל""ג-1973",9.9988654e-05,2.9010977e-05,1.9999883e-05,0.99998724,0.0003859381,0.00072555314,0.00039567138,0.03231924,0.044468615,0.00012570497,0.000780725
"* גזר דין בעניינו של נאשם שהורשע על פי הודאתו בעבירות של סחר בסם מסוכן, החזקת סם שלא לצריכה עצמית ושיבוש הליכי משפט.",0.0924036,3.0713498e-05,0.9940615,8.900005e-06,0.95384437,0.010403384,0.34236154,0.001631737,0.021291029,0.0001246101,0.99971575
"במקרה דנן, ברוח הלכת ישראל חביב, למרות חומרת העבירות והמתחם העונשי הראוי, נתקיימו נסיבות מיוחדות יוצאות דופן המצדיקות הקלה בעונש, והימנעות ממאסר לריצוי בכלא, אף שלא נמצא מקום להעדיף מצבו הכלכלי על האינטרס הציבור ולהימנע לחלוטין ממאסר.",0.00020305972,3.207766e-05,3.131823e-05,0.9999871,0.00086457684,0.0010538835,0.0005533714,0.0025606784,0.13773417,0.00015951158,0.084314115
* עונשין – ענישה – מדיניות ענישה: עבירות סמים,0.00012862524,3.0890653e-05,1.9865623e-05,0.9999876,0.0004410046,0.0010062155,0.0003925036,0.007417394,0.029130204,0.000115783245,0.00019611945
* עונשין – ענישה – מדיניות ענישה: שיקולים לקולה,0.00015058593,3.0580166e-05,1.9310079e-05,0.9999877,0.00047752215,0.0011197783,0.0004811762,0.009738653,0.06508227,0.00011415688,0.00019054554
"הנאשם הורשע על פי הודאתו בעבירות של סחר בסם מסוכן, החזקת סם שלא לצריכה עצמית ושיבוש הליכי משפט.",0.00014913497,3.1546162e-05,0.9718312,8.975302e-06,0.905936,0.007875357,0.9357008,0.0015446484,0.045085236,0.00012579,0.99974626
"בית המשפט גזר את דינו של הנאשם, בקובעו כדלקמן:",0.00050866615,3.061524e-05,1.9168745e-05,0.99998724,0.00039120775,0.0009843113,0.0006063868,0.0015881065,0.24277334,0.00010035125,0.00032049164
"תיקון 113 לחוק העונשין, התשל""ז-1977, בדבר הבניית שיקול הדעת השיפוטי בענישה, לא חל, אך רוחו שורה גם במקרה זה.",0.00022440031,3.203367e-05,2.7273098e-05,0.99998724,0.0008266171,0.0013272201,0.00077830255,0.0039777183,0.0364564,0.00011862362,0.001812049
"העיקרון המנחה הינו עקרון ההלימה, כלומר קיום יחס הולם בין חומרת המעשה, נסיבותיו, ומידת האשם, לבין סוג ומידת העונש המוטל על הנאשם.",0.00020740043,3.0043617e-05,2.9990086e-05,0.99998736,0.0007994188,0.0012895194,0.0006008077,0.0041280715,0.8400629,0.00023107839,0.005573315
"המחוקק קבע כי על ביהמ""ש לקבוע מתחם העונש ההולם המעשה, תוך התחשבות בערך החברתי שנפגע, במידת הפגיעה, במדיניות הענישה הנהוגה, בנסיבות הקשורות בביצוע העבירה, ואלו שאינן קשורות לביצוע העבירה.",0.0002031405,3.168165e-05,3.01949e-05,0.99998736,0.00068061665,0.00096843526,0.0007517028,0.006247805,0.13249828,0.00018168903,0.0016347576
"למרות האמור, רשאי ביהמ""ש לחרוג מן העונש ההולם בשל שיקולי שיקום או הגנה על שלום הציבור, אולם אם מדובר בעבירות בעלות חומרה יתרה, ניתן לעשות כן אך ורק בנסיבות מיוחדות ויוצאות דופן, שתפורטנה בגזר הדין, ואם יש מקום להחמיר מעבר למתחם הסבירות, יעשה כן על פי חוו""ד מקצועית או אם לנאשם עבר פלילי משמעותי.",0.00019904035,0.9999939,3.8568196e-05,1.0679151e-05,0.0007417996,0.0013739382,0.00043215352,0.005307375,0.026023513,0.0001784126,0.016466314
"הערך החברתי המוגן בעבירות החזקה וסחר בסם מסוכן, הינו החובה להגן על בריאותו ושלומו הפיסי והנפשי של הציבור, והצורך למנוע הפגיעה והנזק בחברה, שנגרמים מהתופעה הקשה של ההתמכרות לחומרים פסיכואקטיביים, משני תודעה.",0.00014867706,3.409338e-05,0.12232625,0.99998033,0.3637663,0.0024554483,0.0020881493,0.08863954,0.06062367,0.00029009394,0.0009977296
"הנזק נגרם גם במעשי העבירה, הנלווים לעבירה זו, ונובעים מהצורך להשביע הרעב הבלתי נדלה לסמים.",0.0001305357,0.99997294,4.6679244e-05,0.99998534,0.0004749469,0.0012073405,0.007530177,0.05438162,0.16311935,0.00014889895,0.00045348518
"הסכנה הנשקפת לכן ממי שמהווה חוליה בשרשרת הפצת הסמים, ידועה, ולא בכדי קבע המחוקק בצד עבירות אלה עונש מאסר לתקופה ארוכה.",0.00013233972,3.1370248e-05,3.5416993e-05,0.99998593,0.00065278943,0.00117847,0.002031048,0.006177057,0.024947062,0.00017833573,0.0003781837
"המתחם העונשי ההולם עיסקה אחת בסם מסוכן בנסיבות העבירה שבפנינו, הינו עונש מאסר לריצוי בכלא לתקופה שבין 10 ל-18 חודשים, ובגין עבירה של החזקת סם מסוכן שלא לצריכה עצמית בנסיבות ובכמויות דומות לאלו, בהן החזיק הנאשם – מאסר במתחם זהה.",0.0003208631,3.152881e-05,0.9986349,0.9999863,0.99874604,0.93047935,0.16823848,0.002272643,0.006821008,0.00015118287,0.54034203
"כלומר העונש הראוי בגין העבירות בהן הודה הנאשם והורשע, בהתחשב בכמויות הגדולות של סם מסוכן בהן החזיק, ועסקת המכירה שבוצעה לשוטר סמוי, ובהתחשב בעברו הנקי הינו מאסר לתקופה שאינה פחותה מ- 20 חודשים.",0.39431965,0.00013815721,0.9999411,9.040278e-06,0.9978417,0.9198946,0.9838583,0.002749737,0.048379168,0.00017993413,0.999785
"לכן, בהתחשב בכך שהיה עצור בתיק זה כ- 5.5 חודשים, ביהמ""ש הטיל עליו מאסר לריצוי בעבודות שירות, יחד עם צו מבחן וקנס כספי סמלי.",0.9999429,0.00012682154,1.9683324e-05,0.14819075,0.0005668112,0.0010777422,0.00040543464,0.0019686094,0.008022711,0.00012221003,0.029705139
"הנאשם הודה והורשע במסגרת הסדר טיעון והוסכם כי ישתחרר לקהילה טיפולית סגורה, על פי המלצת שירות המבחן, והטיעונים לעונש ידחו למשך 6 חודשים, ללא כל הסכמה עונשית, בעוד התביעה הצהירה כי עמדתה מאסר לריצוי בפועל בעוד טיעוני הסניגור חופשיים.",0.0011103335,3.139191e-05,2.6920838e-05,8.891945e-06,0.0007182225,0.0012667477,0.00058297085,0.0018253113,0.0177799,0.00016231534,0.9998437
"הנאשם הודה בכך שביום 1.9.11, בערב, התקשר לשוטר זאב רובינשטיין ובמהלך השיחה כשהשוטר התעניין בהשגת סם, הציע לו סם מסוג קנבוס במשקל 50 גרם תמורת תשלום של 500 ₪, וזאת לאחר ניהול משא ומתן עם השוטר על שווי הסם והכמות.",0.00013631447,3.15393e-05,0.9999634,8.956387e-06,0.9996754,0.9998429,0.9997093,0.021994151,0.01100693,0.0002754043,0.99935836
"בהמשך, קבע להיפגש עם השוטר בערב, כשעד למפגש שוחח עמו פעמיים בטלפון והכווין אותו לנקודת המפגש.",0.0001497844,3.1682222e-05,0.0007493247,0.9999875,0.0005708465,0.00086753693,0.024828436,0.06336513,0.004794792,0.00023235093,0.0005002334
"בהתאם לכך, הגיע השוטר  ברכבו למקום המפגש בקיבוץ רבדים, ועצר, הנאשם נכנס לרכבו והוציא מתיק 7 שקיות שהכילו סם מסוכן מסוג קנבוס במשקל כולל של 38.80 גרם נטו, תוך שמסביר לשוטר על חלוקת כמויות הסם, סימונם, ספר את השקיות, ומסר אותן לשוטר תמורת תשלום של 500 ₪.",0.00020123756,3.0440973e-05,0.99996245,8.963908e-06,0.9997055,0.9998543,0.99981636,0.04047132,0.013211417,0.00037226788,0.0069445777
"בהמשך הנאשם נעצר בגין עבירה של סחר בסם מסוכן, אך בעת המעצר השתולל ופיזר חלק מתוכן השקיות על הרצפה כדי להכשיל ההליך השיפוטי ולהעלים ראיות.",0.00012746046,3.1014657e-05,0.9999244,0.9999875,0.8884624,0.0013956192,0.9965418,0.0067655873,0.012699298,0.00014956061,0.0039290595
"באותו מועד החזיק סם מסוכן מסוג קנבוס במשקל של 3.3507 גרם נטו שלא לצריכה עצמית וכן החזיק בכיסו סם מסוכן בכמות לא ידועה, שלא לצריכה עצמית , ובביתו החזיק  סם מסוכן כמפורט:",0.00011362485,3.0115616e-05,0.99996626,8.920058e-06,0.99964166,0.9998704,0.99975294,0.39622065,0.0044370606,0.00015551527,0.0028705879
"ליד כיור במטבח, חשיש במשקל 3.0983 גרם נטו.",0.0002831538,3.1921725e-05,0.999948,8.946374e-06,0.9993667,0.99982786,0.99754566,0.80237067,0.0048335367,0.00018192842,0.0004444952
"בקערה על השולחן בסלון, קנבוס במשקל 1.5753 גרם נטו.",0.00027387674,3.1034542e-05,0.999946,8.979189e-06,0.9992893,0.9998165,0.95355076,0.83853555,0.005757724,0.00017972049,0.0005241798
"בקערה ליד המקרר, קנבוס במשקל של 34.50 גרם נטו.",0.00022124968,3.1463842e-05,0.99994266,8.977014e-06,0.9990621,0.9998041,0.9455592,0.91093004,0.005442849,0.00021075261,0.000412462
"בקרטון בחדר השינה, 16 יחידות שקיות ניילון, ובהם סם מסוג קנבוס במשקל כולל  של 153.07 גרם נטו .",0.0002000953,3.0399198e-05,0.9999604,8.850279e-06,0.9996569,0.9998578,0.99970645,0.90596414,0.0067223776,0.00019898704,0.00040481286
קנבוס במשקל של 550 גרם נטו.,0.0001603633,3.3012722e-05,0.9999261,9.105727e-06,0.99882466,0.99973494,0.94494706,0.6963337,0.0034227008,0.00019103252,0.00046289558
12 יחידות שקיות ניילון שהכילו סם מסוכן מסוג קנבוס במשקל כולל של 106.20 גרם נטו.,0.00016401819,2.9653424e-05,0.99996233,8.89566e-06,0.999619,0.99985015,0.999688,0.65301496,0.0062894793,0.00019760343,0.00024026116
"במקרר בצנצנת, קנבוס במשקל 92.30 גרם נטו.",0.0005062731,3.1141124e-05,0.9999331,8.989985e-06,0.99867946,0.9997634,0.41419896,0.77352035,0.005061523,0.00023276739,0.00046860473
"4 קופסאות פלסטיק ובתוכן סם מסוכן מסוג קנבוס במשקל 153.6 גרם נטו, 112.5 גרם נטו, 182.4 גרם נטו,ו- 190.5 גרם נטו, שלא לצריכתו העצמית - עבירות של סחר בסם מסוכן, החזקת סם שלא לצריכה עצמית ושיבוש הליכי משפט.",0.00071369164,3.1660085e-05,0.99996305,8.797073e-06,0.99966383,0.9998658,0.9989354,0.19425733,0.013217757,0.00030989412,0.11128713
"ביולי 2012 נכנס לתקפו תיקון 113 לחוק העונשין, התשל""ז – 1977 , בדבר הבניית שיקול הדעת השיפוטי בענישה, שלא חל, אך רוחו שורה גם במקרה זה.",0.00020823523,3.172286e-05,2.8466206e-05,0.99997616,0.00090476085,0.0012143586,0.00081577204,0.0044456436,0.023575926,0.00011257271,0.0023894191
"בערעור פלילי 1323/13 רך חסן וניסים אלגרביה נ' מדינת ישראל [פורסם בנבו] מיום 13.5.13, בית משפט עליון (כב' השופטת ארבל), ציין כי מתחם העונש ההולם הוא אמת מידה נורמטיבית המשקללת את הערך החברתי שנפגע כתוצאה מהעבירה, מדיניות הענישה הנהוגה ביחס לעבירה זו, ונסיבות ביצועה, לרבות מידת אשמו של הנאשם.",0.00019827568,3.229374e-05,3.795073e-05,0.9999876,0.0012215665,0.0015328032,0.0007347118,0.0051558334,0.3417798,0.00016475694,0.098068945
"בשלב זה לא מתחשבים בנסיבותיו האישיות שאינן קשורות בביצוע העבירה, כגון, נסיבות חיים, הפגיעה שתיגרם לו ולמשפחתו, מאמציו לחזור למוטב, ועברו הפלילי או העדר עבר פלילי.",0.0002003838,0.9999951,2.3402634e-05,9.080198e-06,0.0005326444,0.00094716233,0.00048315752,0.012248549,0.69260895,0.00033279363,0.007876931
"אולם, אין בכך כדי לגרוע מהצביון האנדווידואלי שהעניק המחוקק לשלב עיצוב המתחם שבא לידי ביטוי בהוראה להתחשב בסוג העבירה, ובנסיבות המסוימות בהן בוצעה, כגון, תכנון מוקדם, נזק בכוח ובפועל, מידת האכזריות כלפי הקורבן, ועוד, וכן תוך התייחסות למידת האשם של הנאשם המסוים, כגון: הסיבה שהובילה אותו לבצע  העבירה, חלקו היחסי בעת ביצוע העבירה, יכולתו להימנע מביצוע המעשה, מצוקתו הנפשית עקב התעללות הקורבן, ועוד.",0.00017415185,0.99926883,0.9995629,1.1104577e-05,0.005592052,0.0015404889,0.0050160447,0.21196719,0.70853126,0.0013779661,0.015209291
"החוק לא מגדיר את היקפו הרצוי של מתחם העונש, אך מתחם רחב מדי שיש בו להכיל שלל מעשים ונסיבות, באופן שכל תוצאה עונשית תיתפס בו, איננו מתחם ראוי, שכן ירוקן מתוכן את תכלית החוק.",0.00021660911,3.2787615e-05,5.982508e-05,0.99998724,0.0015544893,0.0018996865,0.0011923265,0.010123394,0.021446057,0.00017516005,0.00088703545
"מאידך, קיימת מגמה המתנגדת למתחם צר מדי.",0.00014821309,3.9845065e-05,2.9975961e-05,0.99998736,0.00055062445,0.0017601973,0.0011580952,0.41321367,0.012984972,0.00016598812,0.0003005361
"לדעתה, רוחב המתחם שיקבע תלוי במורכבות העבירה, ומידת השונות שבנסיבות ביצועה, כך שככל שהנסיבות הרלבנטיות משליכות על חומרת המעשה, המתחם יעוצב באופן מדויק ופרטני יותר.",0.00016358368,3.1366835e-05,8.294457e-05,0.99998724,0.001001262,0.0011549802,0.0010650225,0.013964322,0.040971026,0.00017263443,0.00049741636
"יש ליתן הדעת לעובדה שככל שנקבע מתחם צר יותר, כך יוענק משקל נמוך יותר לנסיבות שלא קשורות לביצוע העבירה, שהן ברובן נסיבות המקלות עם הנאשם, ולהיפך, ככל שנקבע מתחם רחב יותר, כך תהיה לנסיבות אלה השפעה גדולה יותר על קביעת העונש.",0.00016613095,3.4143817e-05,6.8824804e-05,0.99998736,0.00090237916,0.0015601737,0.0016205983,0.005770184,0.030072577,0.00025346357,0.0054022707
"כמו כן, ציינה שאין לטעות במתחם העונשי ההולם לטווח ענישה הנהוג.",0.00017691999,3.399002e-05,2.0201753e-05,0.99998736,0.0006045843,0.0011929162,0.0008224816,0.001849276,0.015299458,9.6252916e-05,0.00028226245
"מתחם העונש ההולם מגלם הכרעה ערכית המבוססת על שיקולים שונים, ומדיניות הענישה הנהוגה  היא רק אחד מהם, בעוד טווח הענישה הנהוג מהווה נתון אימפרי-עובדתי,  המורכב מעונשים מקובלים ולכן, הזיהוי של המתחם ההולם עם טווח ענישה מקובל שגוי, שכן יאפשר להכניס שיקולים שאינם קשורים בביצוע העבירה לתוך קביעת מתחם העונש, שאמור להיות ""נקי"" משיקולים אלה והרי, רף הענישה בטרם התיקון, לא הבחין בין נסיבות הקשורות בביצוע העבירה לאלה שאינן קשורות לביצוע העבירה.",0.00020667592,4.2285865e-05,0.00016253185,0.9999869,0.0014340846,0.0023528188,0.0017670376,0.016586497,0.025409237,0.00024066695,0.002106909
"על כל פנים, מתחם העונש אינו משמש ""תעריף ענישה קבוע"" שיש להכיל באופן אוטומטי, אלא לתפיסה הגוזרת מתחם עונשי הולם מהנסיבות הספציפיות של האירוע, בהתייחס ליסוד העובדתי והנפשי.",0.00015110387,3.068089e-05,5.0768405e-05,0.99998724,0.00095479266,0.0015570394,0.00078931777,0.0047669853,0.013268068,0.00014506435,0.0006372192
"תיקון 113 לחוק לטעמי  הציב אמות מידה, שאמורות לעמוד כנר למול עיני השופט,  בעת גזירת הדין, אשר יש בהן לקבוע סדרי חשיבות ועדיפות, ומשקל ראוי, לצורך גיבוש  מגמה  עונשית ברורה ושקופה באשר למה שחשוב  בעיני המחוקק.",0.0002405433,3.1636362e-05,6.6147455e-05,0.999987,0.00083308027,0.0017588424,0.0014146147,0.03670238,0.03511793,0.00021402708,0.0016295307
"מדובר בתיקון חשוב שנועד בין היתר למנוע הפערים הגדולים  שהיו קיימים בעבר בין העונשים שהוטלו על ידי בתיהמ""ש השונים , וחוסר הוודאות והיציבות שנבעו מכך.",0.00012710654,3.5869063e-05,2.4621871e-05,0.9999871,0.0007207289,0.001311049,0.00080454466,0.06418706,0.01786488,0.00017769769,0.0003884929
"תיקון  אשר יש בו להעביר מסר עונשי חד, אחיד  וברור מזה שהיה קיים בעבר, כשהדגש מושם תחילה על עיקרון ההלימה , עיקרון הדורש מבתיהמ""ש להתייחס תחילה למתחם העונשי ההולם, ורק לאחר מכן לשיקולים שאינם תלויים בעבירה.",0.00021659546,3.3258948e-05,4.5485576e-05,0.9999871,0.0010253912,0.0016148648,0.0010152404,0.013786701,0.02358447,0.00023873808,0.0036195111
"הערך החברתי המוגן בעבירות החזקה וסחר בסם מסוכן, הינו החובה להגן על בריאותו ושלומו הפיסי והנפשי של הציבור,  והצורך למנוע הפגיעה והנזק בחברה, שנגרמים מהתופעה הקשה של ההתמכרות לחומרים פסיכואקטיביים, משני תודעה.",0.00014867706,3.409338e-05,0.12232625,0.99998033,0.3637663,0.0024554483,0.0020881493,0.08863954,0.06062367,0.00029009394,0.0009977296
"הנזק נגרם גם במעשי העבירה , הנלווים  לעבירה זו,  ונובעים מהצורך להשביע הרעב הבלתי נדלה לסמים .",0.0001305357,0.99997294,4.6679244e-05,0.99998534,0.0004749469,0.0012073405,0.007530177,0.05438162,0.16311935,0.00014889895,0.00045348518
"הסכנה הנשקפת לכן ממי שמהווה חוליה בשרשרת הפצת הסמים , ידועה, ולא בכדי קבע המחוקק בצד עבירות אלה עונש מאסר לתקופה ארוכה .",0.00013233972,3.1370248e-05,3.5416993e-05,0.99998593,0.00065278943,0.00117847,0.002031048,0.006177057,0.024947062,0.00017833573,0.0003781837
"המתחם העונשי  ההולם  עיסקה אחת בסם מסוכן בנסיבות העבירה שבפני, הינו עונש מאסר לריצוי בכלא לתקופה שבין 10 ל-18 חודשים,  ובגין עבירה של החזקת סם מסוכן שלא לצריכה עצמית בנסיבות ובכמויות דומות לאלו, בהן החזיק הנאשם – מאסר במתחם זהה.",0.0003955564,3.1493593e-05,0.99840266,0.9999858,0.9987079,0.93794334,0.16486347,0.0020394945,0.006303722,0.00014928238,0.6554483
"כלומר העונש הראוי בגין העבירות בהן הודה הנאשם והורשע, בהתחשב בכמויות הגדולות של סם מסוכן בהן החזיק, ועסקת המכירה שבוצעה לשוטר  סמוי , ובהתחשב בעברו הנקי הינו מאסר לתקופה שאינה פחותה מ-  20 חודשים.",0.39431965,0.00013815721,0.9999411,9.040278e-06,0.9978417,0.9198946,0.9838583,0.002749737,0.048379168,0.00017993413,0.999785
"המחוקק לא הבחין בעונש בין סוגי הסם או כמויות הסם , ובתי המשפט נוהגים להחמיר ככל שהכמות גדולה יותר ומעשי הסחר רבים יותר, כשגם לעבר הפלילי ניתן שיקול של ממש.",0.00012072904,3.5469653e-05,0.9058019,0.9999871,0.9465942,0.0053184805,0.039622474,0.0036679008,0.01658956,0.00017478384,0.0005941797
מדובר ללא ספק בעבירות חמורות.,0.0001722037,3.4689125e-05,2.1852187e-05,0.9999877,0.0005510022,0.0011086542,0.003464663,0.002385502,0.27918345,0.00024567897,0.0006732836
"כאמור,  בהתאם לתיקון לחוק,  שלא חל כאמור, ביהמ""ש יכול לחרוג מן העונש ההולם בשל שיקולי שיקום גם בעבירה בעלת חומרה יתרה, אך רק בנסיבות מיוחדות ויוצאות דופן.",0.0001604416,3.1019037e-05,3.260411e-05,0.9999871,0.0005830023,0.0010030541,0.00048551944,0.0028290476,0.013648245,0.00010662157,0.001631956
"מכאן, השאלה אם נתקיימו נסיבות מיוחדות ויוצאות דופן המצדיקות הקלה בעונשו של הנאשם והימנעות ממאסר כחריג שבחריגים.",0.00016199607,3.076838e-05,2.457955e-05,0.99998724,0.00045626546,0.0010379748,0.0005223814,0.0019459947,0.07038674,0.000120396006,0.0042459574
"ביהמ""ש המחוזי  גזר  דינו ל-40 חודשי מאסר  לריצוי בפועל, 8 חודשי מאסר  על תנאי וכן קנס בסך 30,000 ₪ או 30 ימי מאסר תמורתו והפנו את שב""ס להמלצת שרות המבחן  לפיה ראוי לאפשר לנאשם להשלים הליך הגמילה מסמים.",0.9999591,0.0009961405,2.072401e-05,8.903773e-06,0.00056645955,0.00093858584,0.00040937582,0.0015726141,0.011853785,0.00013126066,0.7969447
"ביהמ""ש העליון  קיבל הערעור וביטל עונש המאסר בפועל שהוטל עליו, ודן אותו לצו מבחן טהור למשך 18 חודשים, של""צ בהיקף של 600 שעות, מאסר מותנה של 8 חודשים למשך 3 שנים שלא יעבור עבירות מסוג פשע, וקנס כספי בשיעור של 10,000 ₪ וציין כי : ""מאמצי השיקום שהושקעו במערער, ותוצאותיה של השקעה זו הינם מרשימים במיוחד...",0.9998573,2.9547033e-05,3.286418e-05,9.117311e-06,0.0009304756,0.0010825017,0.0005877323,0.0034019998,0.0680936,0.00029162408,0.66170895
"הוא נמשך מאז 2003, ולקחו בו חלק גורמים טיפוליים שהשקיעו את מיטב כוחם ומיומנותם המקצועית ביעד השיקומי המורכב הזה.",0.00012888724,0.99998844,3.231512e-05,8.987345e-06,0.0006503782,0.001200962,0.0017136862,0.7407223,0.023282727,0.0012272823,0.0007283023
נראה כי מטרת השיקום הגשימה עצמה.,0.00014978455,3.2511933e-05,2.0950622e-05,0.9999871,0.00039693073,0.0009414017,0.00044401563,0.12560873,0.02433027,0.00017949632,0.00026162525
..,0.00028628443,3.130805e-05,4.059821e-05,0.9999875,0.0005767337,0.0018918477,0.00072952034,0.22043808,0.0046684165,0.00034729898,0.00073068053
"על שום נדירותו וייחודו, בולט הצורך לתת לו משקל נכבד במסגרת שיקולי הענישה, וזאת מכמה בחינות: ראשית, מבחינת האינטרס הציבורי בהגנה על שלום הציבור ובטחונו, שיקומו של עבריין מועד, תורם לקיומה של ציפייה כי לא יחזור לעולם הפשע.",0.00014319787,5.0550436e-05,4.5628854e-05,0.9999869,0.0008657627,0.0013711081,0.0006282718,0.03424186,0.06924988,0.00026511907,0.001230622
ציפייה זו מקדמת את טובת הציבור ומתיישבת עם אינטרס חברתי רחב.,0.0001717095,3.231691e-05,2.8613067e-05,0.99998724,0.00055487803,0.0013848539,0.001240542,0.15061569,0.061786547,0.00022771976,0.00019197234
"שנית, מבחינת העבריין, השיקום המוצלח פותח בפניו אופקי חיים חדשים, ולראשונה עולה תקווה כי יוכל לפנות לדרך חיים בונה, שבה יוכל להשתלב באורח חיים יציב וקונסטרוקטיבי.",0.00012397543,0.9999957,3.107523e-05,0.73201877,0.0005558811,0.0012171327,0.0006010208,0.17605259,0.018370414,0.00018921573,0.0005966421
"ושלישית, מבחינת שרותי השיקום והרווחה, חשוב לטעת את התודעה כי יש טעם ותוחלת בהשקעת משאבים חומריים ואנושיים בפעולות שיקום.",0.0001267936,3.1320502e-05,4.148356e-05,0.99998736,0.0007173277,0.001125007,0.00057939417,0.89018863,0.049130682,0.00021868866,0.00052985764
"בנסיבות האמורות הצורך לשמר את תוצאות שיקומו של המערער בשל מיגוון ההיבטים האמורים עשוי להכריע אף את שיקולי הענישה המסורתיים- הגמול וההרתעה: עם זאת,  יש לשלב את השיקולים הנוגדים בענישה לנוסחה מאוזנת ומידתית שתייחס את המשקל היחסי הראוי למגוון השיקולים וההיבטים מבחינת אינטרס הציבור ואינטרס הפרט כאחד...",0.00013085961,3.1561267e-05,3.797715e-05,0.99998665,0.0010624607,0.0013940074,0.0007091857,0.0056928718,0.048953686,0.00021619869,0.0018841139
"הצורך בענישה הרתעתית כתגובה להרשעות בעבירות סמים חמורות ובעבירות נוספות, על רקע עבר פלילי עשיר ביותר, כנגד האינטרס הציבורי והאינדיבידואלי המצדיק מתן משקל לשיקומו של המערער, ושימור הישגי השיקום ככל הניתן.",0.00010530158,0.9999963,2.6950713e-05,6.835772e-05,0.0006341451,0.0010585736,0.00074544054,0.0038597614,0.06713509,0.00020427597,0.0015029088
"בגדרו של שקלול זה נראה לי כי האיזון הראוי יושג במקרה מיוחד זה בדרך של שילוב יסודות ענישה שיהא בהם מרכיב ענישה שיקומית מצד אחד, ומן הצד האחר, יישמר הערך ההרתעתי של אותה ענישה באם יכשל המערער בדרך, ויחזור לעבור עבירות נוספות.",0.0001688135,3.2061143e-05,3.8873422e-05,0.99998677,0.00094900193,0.0014798201,0.0007969156,0.0067632613,0.02862769,0.00018058004,0.0063827424
"שילוב זה של מתן חיזוק לדרך השיקומית בד בבד עם שימור הערך המרתיע של העונש, ישיג בנסיבות מיוחדות אלה את היעד הראוי.",0.00019637916,3.1996577e-05,2.845448e-05,0.99998665,0.0007315804,0.0011335097,0.0007769805,0.011069216,0.029477933,0.00021747267,0.0007880207
עתה אבחן הדרך השיקומית אותה עבר הנאשם בהסכמת התביעה:,0.00015255653,3.0483503e-05,1.8375793e-05,0.99998665,0.000370341,0.0008864188,0.0004383094,0.0063203988,0.020460576,0.00010789203,0.00018785529
"נתקבלו בעניינו  מספר תסקירים, מהם עולה  כי הנאשם בן 28, יליד ארה""ב , רווק, בעל תואר ראשון במדעי הסביבה, בעל יכולות קוגנטיביות גבוהות, אך סובל מקשיים במישור הרגשי.",0.0001645279,0.99999654,2.8801198e-05,8.974241e-06,0.0007880301,0.0013873079,0.000919308,0.031452633,0.012006436,0.00058089115,0.003347447
"הנאשם נקלט ב- 11.1.12, לתהליך טיפולי בקהילת ""בית אור אביבה"" שבהר טוב.",0.00015970133,0.9999963,2.1896285e-05,8.88485e-06,0.00066620245,0.00118806,0.00062232715,0.09484604,0.0077433055,0.0002056471,0.00045629987
ב- 6.1.13 סיים את הטיפול ועבר לשלב ההוסטל בבית שמש.,0.00017398653,0.9999944,1.9475117e-05,9.118406e-06,0.00054921635,0.0009834948,0.00040109563,0.40772069,0.009491628,0.00029547248,0.00022080942
"מדובר במי שכיום מצליח לקבל אחריות באופן מרשים  על חייו, ואשר הפנים במהלך הטיפול  התכנים עליהם עבד, בפרט במישור ההתנהגותי והרגשי, והוא מצליח היום לתעל רגשות  של תסכול וכעס באופן חיובי.",0.00011014386,0.9999962,6.340629e-05,8.9159585e-06,0.0008004141,0.0016585229,0.0014297849,0.20707756,0.5019185,0.041524153,0.00066450366
"הוא מקיים שיגרה קבועה, הכוללת מסגרת עבודה ותרגילי כושר מידי יום.",0.00013233468,0.99999607,2.193014e-05,9.018079e-06,0.0003840059,0.0012259043,0.00087243615,0.78454345,0.007889835,0.00020551421,0.00036225872
הוא מקפיד על תזונה בריאה והשיל ממשקלו העודף.,9.3119816e-05,0.99999607,1.876989e-05,8.986264e-06,0.00048415476,0.0010890933,0.002399066,0.13213612,0.028986389,0.00041040953,0.00041059795
הוא מקיים קשר טלפוני עם משפחתו בארצות הברית שהגיעו פעמיים לבקרו.,0.00013588388,0.9999957,2.4587991e-05,0.99998796,0.0005348792,0.0008949375,0.001539114,0.5633289,0.008120725,0.00017118851,0.00038095837
"מבחינה חברתית מקפיד לקיים קשר חברי עם אנשי הקהילה, וממשיך להגיע לביקורים בהוסטל.",0.00013156615,0.99999595,2.061713e-05,8.931992e-06,0.00052128854,0.00088010804,0.0005536914,0.6345782,0.006687407,0.00021478429,0.0002306393
"לסיכום, הנאשם השלים המסגרת הטיפולית האינטנסיבית בקהילה ובהוסטל, כיום מתגורר בדירה שכורה, מצליח לנהל חייו באופן בוגר ותקין, תוך ביטוי שאיפה להישאר נקי מחומרים ממכרים ולהתקדם במישור התעסוקתי.",0.00012227913,0.9999964,2.3117507e-05,8.829415e-06,0.0007687488,0.0010418757,0.0005671619,0.06795674,0.012123195,0.0002861286,0.0013253279
"לאור ההתייצבות המשמעותית במצבו שירות המבחן סבורים, כי ראוי  להימנע ממאסר ואפילו בעבודות שירות, שכן לא יאפשר לו להמשיך לעבוד במקום עבודתו ויגרום לפגיעה משמעותית בו בהיותו מפרנס את עצמו ללא מקורות תמיכה ומשפחה.",0.00015475614,0.9999962,2.4372677e-05,9.30097e-06,0.00057476264,0.00090001867,0.00045666617,0.011364989,0.009095599,0.00022734792,0.00082613004
"הם ממליצים להטיל עליו צו של""צ בהיקף של 340 שעות לצד ענישה מרתיעה יחד עם צו מבחן למשך שנה, כדי שישולב בתוכנית טיפולית המשכית.",0.45020857,2.688082e-05,1.9538029e-05,0.9999877,0.00053648953,0.0009830339,0.00039261905,0.0024651098,0.0038987056,0.000113170696,0.00065060135
הוא הופנה ליחידה לטיפול בנפגעי התמכרויות בבית שמש והחל בהליך של אבחון וקבלה ובמסגרת זו יוכל להשתתף בפגישות פרטניות או קבוצתיות לפי הצורך ולהמשיך למסור דגימות שתן לאיתור שרידי סם באופן קבוע.,8.223796e-05,0.99999607,0.9152095,8.894931e-06,0.008622417,0.003614435,0.00074300513,0.23954831,0.0046963817,0.00015402347,0.00022612154
"כאמור, עברו של הנאשם נקי.",0.00015477088,0.99999547,2.021829e-05,9.167574e-06,0.00046974877,0.00092416315,0.0007691438,0.0018464827,0.111564025,0.00033897976,0.0003371324
"טוענת התביעה כי למרות ההליך הטיפולי המשמעותי ביותר שעבר יש מקום למאסר ממושך, שירוצה מאחורי סורג ובריח.",0.0001626562,3.1371925e-05,1.7043754e-05,0.99998796,0.00045334664,0.0008665952,0.00037044007,0.0024162119,0.018343594,0.00014141393,0.00071401545
הממונה מצאו כשיר לרצות המאסר בעבודות שרות ואף ממליץ כי יבצע המאסר בקהילה הטיפולית רטורנו שבבית שמש.,0.0052832854,4.3432257e-05,1.8219616e-05,1.0737309e-05,0.0006634722,0.0010145318,0.0006017869,0.008130605,0.0064617908,0.0001284632,0.00036282223
"אין ספק כאמור כי מדובר בעבירות חמורות, שכן הוא לא רק מכר לסוכן סמוי סם תמורת תשלום 500 ₪, אלא החזיק בביתו, במקומות שונים, כמות העולה על 1.6 קילוגרם קנבוס.",0.00016177056,3.1317577e-05,0.9999614,9.012714e-06,0.9996716,0.9998466,0.9997923,0.039425127,0.013954976,0.00027793928,0.0010849683
"בנסיבות העבירות בהן הודה,  טענת הסנגור כאילו מדובר במעידה חד פעמית, איננה טענה, ואין ראיה לכך שעבד עבור אחר.",0.00013193778,3.5304907e-05,0.9996995,0.99998724,0.00077430863,0.0010721209,0.9286771,0.025385708,0.058147684,0.00035318546,0.9991934
"אולם, מצאתי כי במקרה זה, ברוח הלכת ישראל חביב, למרות חומרת העבירות והמתחם העונשי הראוי, נתקיימו נסיבות מיוחדות יוצאות דופן המצדיקות הקלה בעונש, והימנעות ממאסר לריצוי בכלא, אף שלא מצאתי מקום להעדיף מצבו הכלכלי על האינטרס הציבור ולהימנע לחלוטין ממאסר, ולכן, בהתחשב בכך שהיה עצור בתיק זה כ- 5.5 חודשים אני מטילה עליו מאסר לריצוי בעבודות שירות, יחד עם צו מבחן, מתוך תקווה שהפגיעה שיפגע כתוצאה מכך לא תגרום להתדרדרות ומהסיבה הזו אסתפק בקנס כספי סמלי בלבד למרות שהעבירות נעברו ממניע כלכלי תוך התעלמות מהפגיעה שפוגע בציבור.",0.00036107269,0.999992,0.0064725843,3.141488e-05,0.0014232356,0.001426976,0.00085371936,0.0039715855,0.2262737,0.00023278137,0.9461212
"בהתחשב במהות העבירה ונסיבותיה ולאחר שקילת האינטרס הציבורי מול נסיבותיו	 האישיות של הנאשם  ועברו הנקי וההליך השיקומי המרשים שעבר, אני דנה אותו לעונשים הבאים:",0.00015010899,0.08979733,2.2324095e-05,1.0780012e-05,0.00045714242,0.00093280314,0.0003422556,0.0019249162,0.98046446,0.00035036512,0.15747185
"מאסר לתקופה של 5 חודשים, שירצה בעבודות שירות ברטורנו, גבעת בית שמש,  וזאת 5 ימים בשבוע, 8.5 שעות יומיות, בעבודות אחזקה וסיוע, מנהלה ושירותים ובפיקוח אסרף חביב.",0.9999627,3.1066756e-05,4.3734955e-05,8.993046e-06,0.0009075562,0.0010952032,0.0006313079,0.0941293,0.0066318423,0.00026942752,0.023265487
"תחילת ריצוי המאסר מיום  6.11.13 ועליו להתייצב בשעה 08:00 במועד זה בפני מפקח על עבודות השירות לצורך קליטה והצבה במפקדת גוש דרום ב""ש, ליד כלא ב""ש,  (אוטובוס אגד מתחנה מרכזית בב""ש קו 46).",0.0002710489,3.063814e-05,3.7025417e-05,0.9999877,0.0006909038,0.0011658653,0.0003575594,0.16092245,0.0057272594,0.00020803577,0.0005951149
"על הנאשם לדווח לממונה על עבודות השירות בשב""ס אודות כל שינוי בכתובתו/ה ובפרטיו/ה.",0.00017611697,3.0701256e-05,2.6559954e-05,0.99996734,0.0005853145,0.0008715562,0.0007324207,0.039661374,0.008810027,0.00020517,0.00026813775
"כמו כן, מוסבר לו/ה כי עליו/ה לעמוד בתנאי הפיקוח וביקורות הפתע וכי כל הפרה תביא להפסקה מנהלית של ריצוי העבודות ולריצוי העונש בין כותלי הכלא.",0.00018436149,3.111568e-05,2.988636e-05,0.9999709,0.0006851511,0.0010612163,0.00051207386,0.08180427,0.026485156,0.00021125757,0.00065729057
"אני מתירה לממונה ליטול מהנאשם בכל עת דגימות שתן לצורך בדיקה, כדי לבחון אם משתמש בסמים , והנאשם מוזהר כי אם יתברר כי משתמש בסם, ינקטו נגדו צעדי אכיפה והמאסר ירוצה בכלא.",0.567853,3.081084e-05,0.99973255,2.7107279e-05,0.016457576,0.0012030528,0.0021138017,0.014974126,0.008623892,0.00017093195,0.0025589776
"אני מטילה על הנאשמ/ת 12  חודשי מאסר על תנאי למשך  3  שנה/ים והתנאי הוא שלא ת/יעבור עבירה  מסוג פשע על פקודת הסמים המסוכנים, תשל""ג – 1973.",0.99995863,2.9394338e-05,2.3251718e-05,8.984774e-06,0.0006377016,0.0010739383,0.00067565317,0.0026861823,0.021256655,0.00012401953,0.010185832
"אני מטילה על הנאשמ/ת 6  חודשי מאסר על תנאי למשך  3  שנה/ים והתנאי הוא שלא ת/יעבור עבירה  מסוג  עוון  על פקודת הסמים המסוכנים, תשל""ג -1973 וכן עבירה של נהיגה בפסילה.",0.99995923,3.0144607e-05,2.4605633e-05,8.983308e-06,0.00067447644,0.0010995525,0.00059255376,0.0020668376,0.019656496,0.00013016768,0.08263391
הנני פוסלת את הנאשם/ת מלקבל או מלהחזיק רשיון נהיגה לתקופה של 12 חודש/ים החל מהיום.,0.9999491,2.9602343e-05,2.1361691e-05,9.045332e-06,0.0005409458,0.0010323614,0.00046511533,0.0030420087,0.007800407,0.00010984062,0.0022304961
"אם בידו רישיון נהיגה, עליו להפקידו לצורך חישוב תקופת הפסילה, כשבכל מקרה הוא פסול מלנהוג ומוזהר בדבר חומרת העבירה של נהיגה בפסילה.",0.0020529462,3.169398e-05,2.7503882e-05,9.332461e-06,0.0006276919,0.000856005,0.00032915646,0.003047231,0.011949951,0.00013430073,0.0009452141
"הנאשמ/ת ת/יחתום על התחייבות בסך  20,000 ₪ להימנע מביצוע עבירה מסוג פשע על פקודת הסמים המסוכנים, תשל""ג – 1973, במשך  3  שנה/ים מהיום.",0.9999571,3.0192454e-05,4.7254336e-05,8.918169e-06,0.0006990949,0.0009115904,0.0011602461,0.008778619,0.014546186,0.00013978395,0.029289663
"אם לא ת/יחתום על ההתחייבות, ת/יאסר למשך  90 ימים במצטבר.",0.9990671,3.1522737e-05,5.2831834e-05,9.519102e-06,0.0005168668,0.0012960024,0.0010711999,0.15814866,0.0057572485,0.00017327628,0.00043845916
הנאשמ/ת ת/ימצא בפיקוח שירות המבחן למשך שנה מהיום.,0.9999325,3.064603e-05,1.8939918e-05,9.0815665e-06,0.0005381554,0.0009141571,0.00047463414,0.006906241,0.0041830605,0.00012485561,0.00030369233
לצורך זאת עליו/ה לחתום על צו מבחן.,0.00019970987,3.1539963e-05,2.0293453e-05,0.9999434,0.00041485613,0.0010577268,0.0005750043,0.020760754,0.006191984,0.00013006607,0.0003031213
"מוסבר לנאשמ/ת כי אם לא י/תעמוד בתנאי הצו, ניתן יהיה להפקיעו ולגזור דינו לרכיבי ענישה נוספים, כולל מאסר.",0.0034441147,3.138323e-05,3.5270783e-05,0.999987,0.0006348641,0.0011241371,0.00068671274,0.0066087716,0.011903397,0.00021809892,0.0006454591
"קנס בסך 900 ₪ שיקוזז מסכום הפקדון, והיתרה תושב לו.",0.99995065,3.06758e-05,2.471084e-05,9.098757e-06,0.00047076092,0.00089445495,0.0019929062,0.0043839496,0.007942036,0.000120407596,0.0002489613
זכות ערעור תוך 45 יום מהיום.,0.99985397,3.1379943e-05,2.4384599e-05,0.9999875,0.0004322555,0.0013007023,0.00053444906,0.036096364,0.0050429874,0.0001913581,0.00043140032
<#3#>,0.0009362908,2.9763829e-05,8.510269e-05,0.99998724,0.000607631,0.0019707258,0.0020728854,0.49251083,0.019112296,0.0003657922,0.00059891824
"ניתנה והודעה היום י""ב חשון תשע""ד, 16/10/2013 במעמד הנוכחים.",0.9958353,3.071048e-05,2.8015595e-05,0.9999871,0.0005518926,0.0012890367,0.00085190247,0.090720505,0.02359731,0.0002592984,0.0027766374
"בהמשך למצוין לעיל, אני מכריזה על הנאשם סוחר סמים, על המשתמע.",0.0022629113,3.179488e-05,2.9382598e-05,9.1985585e-06,0.00067914417,0.001313956,0.0025120704,0.0040277406,0.048499525,0.00016114641,0.00057874835
התביעה תגיש בקשה מפורטת בה תפרט את המוצגים וסכומי הכסף שנתפסו ותפרט בקשתה באשר לחילוטם.,0.0005919278,3.0652227e-05,0.99991286,0.99998736,0.0011240655,0.0017538212,0.28408185,0.43650326,0.012275484,0.00017628196,0.00018868246
