feature_key,text,extraction
GENERAL_CIRCUM,"הנאשם בן 22 חייל בשירות סדיר, מתגורר עם אמו במקצועה מורה, אובחן בצעירותו כסובל מהפרעת קשב, ריכוז והיפראקטיביות, בגין זאת טופל בריטלין.","['1 : לא', '2 : לא', '3 : לא', '4 : לא', '5 : לא', '6 : לא', '7 : לא', '8 : כן', '9 : לא', '10 : לא', '11 : לא']"
GENERAL_CIRCUM,אביו סובל מהפרעה נפשית שאינה מאוזנת.,"['1 : לא', '2 : לא', '3 : לא', '4 : לא', '5 : לא', '6 : לא', '7 : לא', '8 : כן', '9 : לא', '10 : לא', '11 : לא']"
GENERAL_CIRCUM,הוריו התגרשו כאשר היה בן 12 על רקע הפרעה נפשית ואלימות מצד אביו.,"['1 : לא', '2 : לא', '3 : לא', '4 : לא', '5 : לא', '6 : לא', '7 : לא', '8 : כן', '9 : לא', '10 : לא', '11 : לא']"
GENERAL_CIRCUM,"בתקופה זו החל הנאשם לגלות התנהלות שולית, שוטט ויצר קשרים חברתיים שוליים והחל לצרוך באלכוהול וסמים.","['1 : לא', '2 : לא', '3 : לא', '4 : לא', '5 : לא', '6 : לא', '7 : לא', '8 : כן', '9 : לא', '10 : כן', '11 : לא']"
GENERAL_CIRCUM,נעשה ניסיון לשלבו בפנימייה ולאחר שנה שב להתגורר עם אמו בראשון לציון.,"['1 : לא', '2 : לא', '3 : לא', '4 : לא', '5 : לא', '6 : לא', '7 : לא', '8 : כן', '9 : לא', '10 : לא', '11 : לא']"
GENERAL_CIRCUM,"הנאשם התגייס לצה""ל, תחילה ניכרו קשיי הסתגלות, ובתוך כך הועמד לדין על מספר עבירות משמעת בגינן נידון לעונשי מאסר בפועל בכלא צבאי.","['1 : לא', '2 : לא', '3 : לא', '4 : לא', '5 : לא', '6 : לא', '7 : לא', '8 : כן', '9 : לא', '10 : לא', '11 : לא']"
GENERAL_CIRCUM,הנאשם עבר שוב טירונות וסופח בסופה ליחידה מובחרת כמשק לוגיסטיקה.,"['1 : לא', '2 : לא', '3 : לא', '4 : לא', '5 : לא', '6 : לא', '7 : לא', '8 : לא', '9 : לא', '10 : לא', '11 : לא']"
GENERAL_CIRCUM,"סבתו אשר הייתה הגורם התומך בזמן ילדותו, נפטרה באותה השנה לכתיבת התסקיר.","['1 : לא', '2 : לא', '3 : לא', '4 : לא', '5 : לא', '6 : לא', '7 : לא', '8 : כן', '9 : לא', '10 : לא', '11 : לא']"
GENERAL_CIRCUM,"חוות דעת ממפקדו בצבא על התנהלותו ומילוי תפקידו הייתה חיובית, חרף הלחץ הרב בו היה שרוי הנאשם באותה התקופה, כך תואר שינוי משמעותי שחל בהתנהגות ובבגרות הנאשם, וכן ביחסו כלפי תפקידו וכלפי חיילים אחרים ומפקד היחידה אף העניק לנאשם אות הצטיינות.","['1 : לא', '2 : לא', '3 : לא', '4 : כן', '5 : לא', '6 : לא', '7 : כן', '8 : לא', '9 : לא', '10 : לא', '11 : לא']"
GENERAL_CIRCUM,"עקב חרדות ובעיות שינה יזם הנאשם פגישות עם קב""ן ביחידה.","['1 : לא', '2 : לא', '3 : לא', '4 : לא', '5 : לא', '6 : לא', '7 : לא', '8 : כן', '9 : לא', '10 : לא', '11 : לא']"
GENERAL_CIRCUM,"לדבריו, פעל באופן זה לאור לחץ רגשי רגעי וחשש להיעצר.","['1 : לא', '2 : לא', '3 : לא', '4 : לא', '5 : לא', '6 : לא', '7 : לא', '8 : לא', '9 : לא', '10 : לא', '11 : לא']"
GENERAL_CIRCUM,בדיקות שתן העידו על ניקיון מסמים.,"['1 : לא', '2 : לא', '3 : לא', '4 : לא', '5 : לא', '6 : לא', '7 : לא', '8 : לא', '9 : לא', '10 : לא', '11 : לא']"
GENERAL_CIRCUM,שירות המבחן העריך כי הנאשם ביצע את העבירות על רקע תקופה משברית וזאת לצד חוסר בשלות וקבלת החלטות באופן לקוי ללא כלים להתמודדות עם קשייו הרגשיים.,"['1 : לא', '2 : לא', '3 : לא', '4 : לא', '5 : לא', '6 : לא', '7 : לא', '8 : כן', '9 : לא', '10 : לא', '11 : לא']"
GENERAL_CIRCUM,"שירות המבחן מנה את גורמי הסיכוי לשיקום, בין היתר יכולתו של הנאשם לפנות לקבלת סיוע בקשייו הרגשיים במערכת הצבאית והמשפחתית, העדר עבר פלילי, מאז ביצוע העבירות לא נפתחו תיקים נוספים כנגדו, בדיקות השתן המעידות על ניקיון מסמים, יכולתו לשתף פעולה עם גורמי הטיפול ותפקודו החיובי בצבא.","['1 : לא', '2 : לא', '3 : לא', '4 : לא', '5 : לא', '6 : לא', '7 : כן', '8 : לא', '9 : לא', '10 : כן', '11 : לא']"
GENERAL_CIRCUM,"להתרשמות שירות המבחן הנאשם ערך שינוי מהותי בהתנהגותו ובתפיסותיו, מתפקד בצורה תקינה, על אף שגדל ברקע משפחתי מורכב וההליך המשפטי הנוכחי מהווה גורם הרתעה.","['1 : לא', '2 : לא', '3 : לא', '4 : כן', '5 : לא', '6 : לא', '7 : כן', '8 : כן', '9 : לא', '10 : לא', '11 : לא']"
GENERAL_CIRCUM,"שירות המבחן עדכן כי הנאשם ממשיך להשקיע מאמצים בשירותו הצבאי הסדיר, מתכוון להישאר לשירות קבע וכן עוזר למשפחתו ומשקיע מאמצים לנהל שגרת חיים תקינה ונורמטיבית.","['1 : לא', '2 : לא', '3 : לא', '4 : כן', '5 : כן', '6 : לא', '7 : כן', '8 : לא', '9 : לא', '10 : לא', '11 : לא']"
GENERAL_CIRCUM,"להתרשמות שירות המבחן הנאשם מתקשה להתמודד עם שינויים במצבו הנפשי של אביו, אך נעזר בגורמי טיפול ובסביבתו לצורך כך.","['1 : לא', '2 : לא', '3 : לא', '4 : לא', '5 : לא', '6 : לא', '7 : לא', '8 : כן', '9 : לא', '10 : לא', '11 : לא']"
GENERAL_CIRCUM,כן עולה כי הנאשם סייע לאביו בליווי לטיפולים ותמך בבני משפחתו תמיכה רגשית.,"['1 : לא', '2 : לא', '3 : לא', '4 : לא', '5 : לא', '6 : לא', '7 : כן', '8 : כן', '9 : לא', '10 : לא', '11 : לא']"
GENERAL_CIRCUM,"שירות המבחן פרט האמור בחוו""ד הקב""ן מיום 11.6.2020 ממנה עולה כי הנאשם פנה ביוזמתו לטיפול, לא עלה רושם למצוקה נפשית עמוקה, אך עלו לחצים הנובעים מהתמודדותו עם ההליך הפלילי ומציאות מורכבת עם משפחתו.","['1 : לא', '2 : כן', '3 : לא', '4 : לא', '5 : לא', '6 : לא', '7 : לא', '8 : כן', '9 : לא', '10 : לא', '11 : לא']"
GENERAL_CIRCUM,שירות המבחן עדכן כי הנאשם עבר להתגורר עם אביו על מנת לתמוך בו ועובד מזה כשנה בתחום מערכות בטיחות ואזעקות.,"['1 : לא', '2 : לא', '3 : לא', '4 : לא', '5 : כן', '6 : לא', '7 : כן', '8 : כן', '9 : לא', '10 : לא', '11 : לא']"
GENERAL_CIRCUM,"שירות המבחן חזר וציין כי מדובר בבחור צעיר בעל כוחות ויכולות תקינים אשר עשה שינוי בהתנהגותו ובתפיסותיו מאז גיוסו לצבא, מתפקד בצורה תקינה, חרף העובדה שגדל ברקע משפחתי מורכב וחווה בדידות ותסכול לצד מעורבות שולית.","['1 : לא', '2 : לא', '3 : לא', '4 : כן', '5 : לא', '6 : לא', '7 : כן', '8 : כן', '9 : לא', '10 : לא', '11 : לא']"
GENERAL_CIRCUM,כן הביע הנאשם בושה וחרטה על התנהגותו בעת ביצוע העבירות והתייחס אליה בביקורתיות רבה.,"['1 : לא', '2 : לא', '3 : לא', '4 : כן', '5 : כן', '6 : לא', '7 : לא', '8 : לא', '9 : לא', '10 : לא', '11 : לא']"
GENERAL_CIRCUM,"הנאשם השתחרר ביוני 2020 משירות צבאי מלא ומעוניין בהמשך שירות קבע, אולם לנוכח ההליך הפלילי, ההליך הוקפא.","['1 : לא', '2 : לא', '3 : לא', '4 : לא', '5 : לא', '6 : לא', '7 : לא', '8 : לא', '9 : לא', '10 : כן', '11 : לא']"
GENERAL_CIRCUM,כמו כן הנאשם הציג מכתב ממעסיקו הנוכחי של הנאשם לפיו הרשעה בדין תביא לפגיעה קונקרטית בתחום עיסוקו שכן הנאשם עובד בארגונים מסווגים וביניהם בסיסים צבאיים ומשרדים ממשלתיים.,"['1 : לא', '2 : לא', '3 : לא', '4 : לא', '5 : לא', '6 : לא', '7 : לא', '8 : לא', '9 : לא', '10 : לא', '11 : לא']"
GENERAL_CIRCUM,"בתקופת הדחייה לא נפתחו תיקים נוספים וההליך הפלילי מהווה עבורו גורם מרתיע, בדיקות שתן העידו על ניקיון מסמים, אך צוין כי הנאשם היה מעורב בתאונת דרכים ועל כן לא ביצע בדיקת השתן האחרונה – מסמכים רפואיים הוצגו).","['1 : לא', '2 : לא', '3 : לא', '4 : לא', '5 : לא', '6 : לא', '7 : לא', '8 : לא', '9 : כן', '10 : כן', '11 : לא']"
GENERAL_CIRCUM,"שירות המבחן שב וחזר על המלצותיו בתסקירים הקודמים, התרשמותם כי הנאשם עבר שינוי מהותי באורחות חייו, מצעיר אשר גדל ברקע משפחתי מורכב ולא יציב ומבלי שהוריו היוו עבורו גורם תומך ומציב גבולות, שוטטות ברחוב, יצירת קשרים עם גורמים עברייניים ואף שימוש בסמים ובאלכוהול, לצעיר המסוגל לבקר מעשיו, לנהל אורח חיים נורמטיבי ומביע רצון לשקם חייו.","['1 : לא', '2 : לא', '3 : לא', '4 : כן', '5 : כן', '6 : לא', '7 : כן', '8 : כן', '9 : לא', '10 : לא', '11 : לא']"
GENERAL_CIRCUM,"בהתאם לכך, במכלול השיקולים וביניהם חומרת העבירות והתנהלות הנאשם בעת ביצוען מחד גיסא, ולקיחת אחריות על התנהגותו, הבעת חרטה, ההתרשמות כי הנאשם אינו מאופיין בדפוסי התנהגות עבריינים, היותו של ההליך הפלילי גורם מרתיע, העדר עבר פלילי והעובדה כי לא נפתחו כנגד הנאשם תיקים נוספים ובמטרה לצמצם פגיעה בדימויו העצמי של הנאשם, בעתידו ובאפשרותו לחזור לשירות קבע – בתסקיר הומלץ שלא להרשיע הנאשם, ולהסתפק בהטלת צו מבחן וצו של""צ.","['1 : כן', '2 : לא', '3 : לא', '4 : כן', '5 : כן', '6 : לא', '7 : כן', '8 : לא', '9 : לא', '10 : לא', '11 : לא']"
GENERAL_CIRCUM,המאשימה הפנה בעיקר לבדיקת השתן שנערכה לנאשם ביום 15.6.2021 בה נמצאו שרידי סם קנבוס וכן לכך שהנאשם לא התייצב לבדיקה נוספת בשל תאונת דרכים בה היה מעורב.,"['1 : לא', '2 : לא', '3 : לא', '4 : לא', '5 : לא', '6 : לא', '7 : לא', '8 : לא', '9 : כן', '10 : לא', '11 : לא']"
GENERAL_CIRCUM,"ב""כ הנאשם תיאר בהרחבה את נסיבות חייו של הנאשם ובפרט הדגיש את גילו הצעיר בעת ביצוע העבירות כבן 19 וכי על פי הפסיקה נחשב בגיר צעיר.","['1 : כן', '2 : לא', '3 : לא', '4 : לא', '5 : לא', '6 : לא', '7 : לא', '8 : כן', '9 : לא', '10 : לא', '11 : לא']"
GENERAL_CIRCUM,"הנאשם בעל נסיבות חיים מורכבות, אביו סובל ממחלת נפש והמשבר שפקד את המשפחה, משבר אשר השפיע באופן קשה על הנאשם בכל מישורי חייו.","['1 : לא', '2 : לא', '3 : לא', '4 : לא', '5 : לא', '6 : לא', '7 : לא', '8 : כן', '9 : לא', '10 : לא', '11 : לא']"
GENERAL_CIRCUM,"כן הודגשו האחריות המלאה שלקח הנאשם על מעשיו ומאמציו לשינוי ולשיקום חייו במהלך כ-4 שנים בקירוב, התעקשות הנאשם להתגייס ולבצע שירות צבאי משמעותי, חוות דעת ממפקדיו המעידות על מאמציו לשינוי ושביעות רצונם מתפקודו לצד רצונם לשלבו בשירות קבע, שיתוף הפעולה של הנאשם עם שירות המבחן, בדיקות השתן אשר מעידות על ניקיון מסמים וכן הוצאת רישיון נהיגה שיש בה ללמד על תיקון המחדל במעשיו.","['1 : לא', '2 : לא', '3 : לא', '4 : כן', '5 : כן', '6 : לא', '7 : כן', '8 : כן', '9 : לא', '10 : כן', '11 : לא']"
GENERAL_CIRCUM,"אמו של הנאשם ביקשה לומר דברים בשבחו וסיפרה על מידותיו הטובות של הנאשם, אשר עושה ככל שביכולתו לסייע לה ולאביו בהתמודדות עם מחלתו הקשה.","['1 : לא', '2 : כן', '3 : לא', '4 : לא', '5 : לא', '6 : לא', '7 : כן', '8 : לא', '9 : לא', '10 : לא', '11 : לא']"
GENERAL_CIRCUM,אני מתחרט על זה כל יום ופגוע לי בפרנסה אני רוצה להתפרנס בכבוד.,"['1 : כן', '2 : לא', '3 : לא', '4 : לא', '5 : לא', '6 : לא', '7 : לא', '8 : כן', '9 : לא', '10 : לא', '11 : לא']"
GENERAL_CIRCUM,"עוד יש להביא בחשבון את הנסיבות שעמדו ברקע ביצוע העבירות עליהן עמד שירות המבחן בהרחבה, לרבות מאפייני אישיותו של הנאשם אשר גדל ברקע משפחתי מורכב וחסכיו הרגשיים והבלתי מעוצבים.","['1 : לא', '2 : כן', '3 : לא', '4 : לא', '5 : לא', '6 : לא', '7 : לא', '8 : כן', '9 : לא', '10 : לא', '11 : לא']"
GENERAL_CIRCUM,"הנאשם צעיר לימים, יליד 1998 נעדר עבר פלילי.","['1 : לא', '2 : לא', '3 : לא', '4 : לא', '5 : לא', '6 : לא', '7 : לא', '8 : לא', '9 : לא', '10 : לא', '11 : לא']"
GENERAL_CIRCUM,לחובתו עבר תעבורתי הכולל 2 הרשעות קודמות ועומדת ותלויה כנגדו פסילה מותנית בת 5 חודשים.,"['1 : לא', '2 : לא', '3 : לא', '4 : לא', '5 : לא', '6 : לא', '7 : לא', '8 : לא', '9 : לא', '10 : לא', '11 : לא']"
GENERAL_CIRCUM,"כנקודת פתיחה, יש להביא בחשבון את נסיבותיו האישיות של הנאשם, המורכבות והקשיים עמם התמודד בהיותו נער וכן את העובדה כי המקרה בגינו נותן הנאשם את הדין ארע כשבועיים טרם גיוסו לצבא.","['1 : כן', '2 : לא', '3 : לא', '4 : לא', '5 : לא', '6 : לא', '7 : לא', '8 : כן', '9 : לא', '10 : כן', '11 : לא']"
GENERAL_CIRCUM,"הנאשם שיתף פעולה עם שירות המבחן באופן מלא, ומסר במשך תקופה ארוכה בדיקות שתן המעידות על ניקיון מסמים.","['1 : לא', '2 : לא', '3 : לא', '4 : כן', '5 : כן', '6 : לא', '7 : כן', '8 : לא', '9 : לא', '10 : לא', '11 : לא']"
GENERAL_CIRCUM,"אך אינני סבורה שיש לתת לך משקל לאור ההסבר אותו מסר הנאשם, תאונת הדרכים בה היה מעורב ובמיוחד לנוכח הצגתה של בדיקת שתן מאוחרת המעידה על ניקיון מסמים (נ/2).","['1 : לא', '2 : לא', '3 : לא', '4 : לא', '5 : לא', '6 : לא', '7 : לא', '8 : לא', '9 : לא', '10 : כן', '11 : לא']"
GENERAL_CIRCUM,"על אף נתוני הפתיחה והקשיים עמם התמודד הנאשם בצעירותו, ועל אף החשש כי הנאשם יתקשה להסתגל למערכת הצבאית מסיבות שונות, עמד על רצונו להתגייס.","['1 : לא', '2 : לא', '3 : לא', '4 : לא', '5 : לא', '6 : לא', '7 : כן', '8 : כן', '9 : לא', '10 : לא', '11 : לא']"
GENERAL_CIRCUM,"הנאשם שיתף את גורמי הצבא בקשייו, והוכיח את עצמו שוב ושוב בהתמודדות עימם ולשביעות רצון מפקדיו.","['1 : לא', '2 : לא', '3 : לא', '4 : לא', '5 : לא', '6 : לא', '7 : כן', '8 : לא', '9 : לא', '10 : לא', '11 : לא']"
GENERAL_CIRCUM,"הנאשם שולב באופן מיטבי באגף הלוגיסטיקה של יחידת מגלן ועשה חייל, הפך לחייל מוערך והוענק לו אות הצטיינות.","['1 : לא', '2 : לא', '3 : לא', '4 : לא', '5 : לא', '6 : לא', '7 : כן', '8 : לא', '9 : לא', '10 : לא', '11 : לא']"
GENERAL_CIRCUM,"רבים ממפקדיו ביקשו לדבר בשבחו כעולה ממכתבי ההמלצה, חלקם פירטו את הקשיים עימם התמודד וכברת הדרך שעבר, וכולם עמדו על מידותיו הטובות, אחראי, חדור מוטיבציה, מהווה דוגמא ומופת, ותקצר היריעה מלהכיל.","['1 : לא', '2 : לא', '3 : לא', '4 : לא', '5 : לא', '6 : לא', '7 : כן', '8 : כן', '9 : לא', '10 : לא', '11 : לא']"
GENERAL_CIRCUM,"הנאשם השתלב במסגרת תעסוקתית בחברת ""נט קום"", המספקת שירותים לארגונים שונים ובהם בסיסים צבאיים ומשרדים ממשלתיים.","['1 : לא', '2 : לא', '3 : לא', '4 : לא', '5 : לא', '6 : לא', '7 : כן', '8 : לא', '9 : לא', '10 : לא', '11 : לא']"
GENERAL_CIRCUM,הודאתו של הנאשם הובילה לחיסכון בזמן ציבורי אך מעבר לכך יש בהודאתו כדי ללמד על הפנמת הפסול במעשיו ומאמציו לחזור למוטב.,"['1 : לא', '2 : לא', '3 : לא', '4 : כן', '5 : כן', '6 : לא', '7 : כן', '8 : לא', '9 : לא', '10 : לא', '11 : לא']"
GENERAL_CIRCUM,"קבלת האחריות באה לידי ביטוי גם ברצונו של הנאשם לנהל אורח חיים נורמטיבי ושומר חוק, לראייה פעל לתקן את המחדל, השלים את שיעורי התיאוריה והנהיגה, ובמועד גזר הדין החזיק הנאשם החזיק ברישיון נהיגה תקף.","['1 : לא', '2 : לא', '3 : לא', '4 : כן', '5 : כן', '6 : לא', '7 : כן', '8 : לא', '9 : לא', '10 : כן', '11 : לא']"
GENERAL_CIRCUM,הנאשם הוכיח במעשיו כי עבר תהליך של התבגרות ובחר בדרך של לקיחת אחריות ותרומה לחברה ולאחרים.,"['1 : לא', '2 : לא', '3 : לא', '4 : כן', '5 : כן', '6 : לא', '7 : כן', '8 : לא', '9 : לא', '10 : כן', '11 : לא']"
GENERAL_CIRCUM,"האמור נלמד לא רק מהתעקשותו להתגייס או מהאופן בו ביצע את שירותו הצבאי, אלא בבגרות שהפגין באחריות שנטל על עצמו בטיפול ובתמיכה בהוריו ובפרט באביו אשר חלה הדרדרות משמעותית במצבו הנפשי והתפקודי.","['1 : לא', '2 : כן', '3 : לא', '4 : לא', '5 : כן', '6 : לא', '7 : כן', '8 : כן', '9 : לא', '10 : לא', '11 : לא']"
GENERAL_CIRCUM,מעסיקו הנוכחי הצהיר כי כחלק מעיסוקו היומיומי הוא נמצא בקשר עם ארגונים מסווגים כגון בסיסים צבאיים ומשרדים ממשלתיים והרשעתו של הנאשם בדין לא תאפשר את המשך העסקתו.,"['1 : לא', '2 : לא', '3 : לא', '4 : לא', '5 : לא', '6 : לא', '7 : לא', '8 : לא', '9 : לא', '10 : לא', '11 : לא']"
GENERAL_CIRCUM,"לכל אלו תהא השלכה לא רק על הנאשם, אלא על משפחתו המתמודדת עם קשיים רבים, אולי רבים מידי.","['1 : כן', '2 : כן', '3 : לא', '4 : לא', '5 : לא', '6 : לא', '7 : לא', '8 : כן', '9 : לא', '10 : לא', '11 : לא']"
CIR_TYPE,"כמו כן באותן הנסיבות החזיק הנאשם 9.03 במקומות שונים על גופו ובקטנוע גרם מסוג חשיש, 25.35 גרם סה""כ מסוג קנבוס ו-3 משקלים דיגיטליים.","['הסוג הוא [קנביס], [קנבוס]']"
CIR_TYPE,"הנאשם החזיק בסם שלא לצריכתו העצמית ומשקלים דיגיטליים, אך מדובר בכמות סם קטנה – כ 25 גרם.","['הסוג של הסמים הוא [קנביס], כפי שמצוין בטקסט: ""הנאשם החזיק בסם שלא לצריכתו העצמית ומשקלים דיגיטליים, אך מדובר בכמות סם קטנה – כ 25 גרם.""']"
CIR_AMOUNT,"כמו כן באותן הנסיבות החזיק הנאשם 9.03 במקומות שונים על גופו ובקטנוע גרם מסוג חשיש, 25.35 גרם סה""כ מסוג קנבוס ו-3 משקלים דיגיטליים.","['[25.35 - גרם], [9.03 - גרם]']"
CIR_AMOUNT,"הנאשם החזיק בסם שלא לצריכתו העצמית ומשקלים דיגיטליים, אך מדובר בכמות סם קטנה – כ 25 גרם.",['[25 - גרם]']
CIR_ROLE,"כמו כן באותן הנסיבות החזיק הנאשם 9.03 במקומות שונים על גופו ובקטנוע גרם מסוג חשיש, 25.35 גרם סה""כ מסוג קנבוס ו-3 משקלים דיגיטליים.",['[בעל הסמים]']
CIR_ROLE,"באשר לנסיבות ביצוע העבירה, הנאשם התקשה להעמיק במעשיו בנוגע לעבירות הסמים וטען כי הסמים וכלים להכנת הסם שנמצאו על גופו ובין חפציו היו לצריכה עצמית.",['לא בעל המעבדה']
CIR_ROLE,"הנאשם החזיק בסם שלא לצריכתו העצמית ומשקלים דיגיטליים, אך מדובר בכמות סם קטנה – כ 25 גרם.",['[בעל הסמים]']
REGRET,שירות המבחן התרשם כי הנאשם יכול לשקול מעשיו והשפעתם וכן להפנים הסיכונים בהתנהגותו הבעייתית ובהתאמה לוקח אחריות על מעשיו ומבין כי התנהלותו בזמן ביצוע העבירות הייתה ילדותית ושיקפה חוסר אחריות.,['לא']
REGRET,כן הביע הנאשם בושה וחרטה על התנהגותו בעת ביצוע העבירות והתייחס אליה בביקורתיות רבה.,['כן']
REGRET,"בהתאם לכך, במכלול השיקולים וביניהם חומרת העבירות והתנהלות הנאשם בעת ביצוען מחד גיסא, ולקיחת אחריות על התנהגותו, הבעת חרטה, ההתרשמות כי הנאשם אינו מאופיין בדפוסי התנהגות עבריינים, היותו של ההליך הפלילי גורם מרתיע, העדר עבר פלילי והעובדה כי לא נפתחו כנגד הנאשם תיקים נוספים ובמטרה לצמצם פגיעה בדימויו העצמי של הנאשם, בעתידו ובאפשרותו לחזור לשירות קבע – בתסקיר הומלץ שלא להרשיע הנאשם, ולהסתפק בהטלת צו מבחן וצו של""צ.",['כן']
REGRET,"כן הודגשו האחריות המלאה שלקח הנאשם על מעשיו ומאמציו לשינוי ולשיקום חייו במהלך כ-4 שנים בקירוב, התעקשות הנאשם להתגייס ולבצע שירות צבאי משמעותי, חוות דעת ממפקדיו המעידות על מאמציו לשינוי ושביעות רצונם מתפקודו לצד רצונם לשלבו בשירות קבע, שיתוף הפעולה של הנאשם עם שירות המבחן, בדיקות השתן אשר מעידות על ניקיון מסמים וכן הוצאת רישיון נהיגה שיש בה ללמד על תיקון המחדל במעשיו.",['כן']
REGRET,הנאשם בדברו האחרון הביע צער וחרטה על מעשיו.,['כן']
REGRET,"ומפאת חשיבות הדברים אביאם מלואם: ""אני מאוד מצטער על מה שעשיתי.",['לא']
REGRET,"הנאשם הודה בביצוע העבירות והביע בושה וחרטה, שירות המבחן התרשם כי הנאשם יכול לשקול מעשיו והשפעתם וכן להפנים הסיכונים בהתנהגותו הבעייתית ובהתאמה לוקח אחריות על מעשיו ומבין כי התנהלותו בזמן ביצוע העבירות הייתה ילדותית ושיקפה חוסר אחריות.",['כן']
REGRET,"אחר כל אלו, אוסיף את נקודות הזכות הרבות העומדות לנאשם: הנאשם הודה ונטל אחריות מלאה למעשיו, הביע צער ובושה.",['כן']
REGRET,הודאתו של הנאשם הובילה לחיסכון בזמן ציבורי אך מעבר לכך יש בהודאתו כדי ללמד על הפנמת הפסול במעשיו ומאמציו לחזור למוטב.,['לא']
REGRET,הנאשם הוכיח במעשיו כי עבר תהליך של התבגרות ובחר בדרך של לקיחת אחריות ותרומה לחברה ולאחרים.,['לא']
REGRET,עוד התרשמתי מכנות דבריו של הנאשם אשר מכה על חטא ומבקש הזדמנות להוכיח כי בחר בדרך הישר.,['כן']
RESPO,שירות המבחן התרשם כי הנאשם יכול לשקול מעשיו והשפעתם וכן להפנים הסיכונים בהתנהגותו הבעייתית ובהתאמה לוקח אחריות על מעשיו ומבין כי התנהלותו בזמן ביצוע העבירות הייתה ילדותית ושיקפה חוסר אחריות.,['כן']
RESPO,"בהתאם לכך, במכלול השיקולים וביניהם חומרת העבירות והתנהלות הנאשם בעת ביצוען מחד גיסא, ולקיחת אחריות על התנהגותו, הבעת חרטה, ההתרשמות כי הנאשם אינו מאופיין בדפוסי התנהגות עבריינים, היותו של ההליך הפלילי גורם מרתיע, העדר עבר פלילי והעובדה כי לא נפתחו כנגד הנאשם תיקים נוספים ובמטרה לצמצם פגיעה בדימויו העצמי של הנאשם, בעתידו ובאפשרותו לחזור לשירות קבע – בתסקיר הומלץ שלא להרשיע הנאשם, ולהסתפק בהטלת צו מבחן וצו של""צ.",['כן']
RESPO,"כן הודגשו האחריות המלאה שלקח הנאשם על מעשיו ומאמציו לשינוי ולשיקום חייו במהלך כ-4 שנים בקירוב, התעקשות הנאשם להתגייס ולבצע שירות צבאי משמעותי, חוות דעת ממפקדיו המעידות על מאמציו לשינוי ושביעות רצונם מתפקודו לצד רצונם לשלבו בשירות קבע, שיתוף הפעולה של הנאשם עם שירות המבחן, בדיקות השתן אשר מעידות על ניקיון מסמים וכן הוצאת רישיון נהיגה שיש בה ללמד על תיקון המחדל במעשיו.",['כן']
RESPO,"הנאשם הודה בביצוע העבירות והביע בושה וחרטה, שירות המבחן התרשם כי הנאשם יכול לשקול מעשיו והשפעתם וכן להפנים הסיכונים בהתנהגותו הבעייתית ובהתאמה לוקח אחריות על מעשיו ומבין כי התנהלותו בזמן ביצוע העבירות הייתה ילדותית ושיקפה חוסר אחריות.",['כן']
RESPO,"הנאשם שיתף פעולה עם שירות המבחן באופן מלא, ומסר במשך תקופה ארוכה בדיקות שתן המעידות על ניקיון מסמים.",['כן']
RESPO,"אחר כל אלו, אוסיף את נקודות הזכות הרבות העומדות לנאשם: הנאשם הודה ונטל אחריות מלאה למעשיו, הביע צער ובושה.",['כן']
RESPO,"קבלת האחריות באה לידי ביטוי גם ברצונו של הנאשם לנהל אורח חיים נורמטיבי ושומר חוק, לראייה פעל לתקן את המחדל, השלים את שיעורי התיאוריה והנהיגה, ובמועד גזר הדין החזיק הנאשם החזיק ברישיון נהיגה תקף.",['כן']
RESPO,"האמור נלמד לא רק מהתעקשותו להתגייס או מהאופן בו ביצע את שירותו הצבאי, אלא בבגרות שהפגין באחריות שנטל על עצמו בטיפול ובתמיכה בהוריו ובפרט באביו אשר חלה הדרדרות משמעותית במצבו הנפשי והתפקודי.",['לא']
CONFESSION,"הנאשם הודה בהתאם להסדר טיעון דיוני בעובדות כתב האישום המתוקן בהחזקת סמים שלא לצריכה עצמית עבירה לפי סעיף 7(א) +7(ג) רישא לפקודת הסמים המסוכנים (נוסח חדש), התשל""ג–1973 (להלן: פקודת הסמים המסוכנים), נהיגה פוחזת של רכב לפי סעיף 338(א)(1) לחוק העונשין, התשל""ז–1977 (להלן: חוק העונשין), החזקת כלים להכנת סם שלא לצריכה עצמית, עבירה לפי סעיף 10 רישא לפקודת הסמים המסוכנים, נהיגה ללא רישיון נהיגה לפי סעיף 10 א' לפקודת התעבורה (נ""ח), התשכ""א–1961 (להלן: לפקודת התעבורה), נהיגה בזמן פסילת בימ""ש לפי סעיף 67 לפקודת התעבורה ונהיגה ברכב ללא ביטוח לפי סעיף 2א' לפקודת ביטוח רכב מנועי (נ""ח), התש""ל–1970.",['כן']
CONFESSION,"הנאשם הודה בביצוע העבירות והביע בושה וחרטה, שירות המבחן התרשם כי הנאשם יכול לשקול מעשיו והשפעתם וכן להפנים הסיכונים בהתנהגותו הבעייתית ובהתאמה לוקח אחריות על מעשיו ומבין כי התנהלותו בזמן ביצוע העבירות הייתה ילדותית ושיקפה חוסר אחריות.",['כן']
CONFESSION,"אחר כל אלו, אוסיף את נקודות הזכות הרבות העומדות לנאשם: הנאשם הודה ונטל אחריות מלאה למעשיו, הביע צער ובושה.",['כן']
CONFESSION,הודאתו של הנאשם הובילה לחיסכון בזמן ציבורי אך מעבר לכך יש בהודאתו כדי ללמד על הפנמת הפסול במעשיו ומאמציו לחזור למוטב.,['כן']
PUNISHMENT_SUSPENDED,"לנוכח אלו עתרה המאשימה להרשיע את הנאשם ולגזור את עונשו בחלק התחתון של מתחם הענישה, היינו מאסר שיכול וירוצה בעבודות שירות, מאסר מותנה, קנס, פסילת רישיון נהיגה בפועל, הפעלת הפסילה בת ה-5 חודשים במצטבר וכן פסילה על תנאי.",['הנאשם קיבל 6 חודשי מאסר על תנאי']
OFFENCE_NUMBER,"פקודת הסמים המסוכנים [נוסח חדש], תשל""ג-1973: סע'  7(א), 7(ג), 10","['סעיף 7א', 'סעיף 7ג']"
OFFENCE_NUMBER,"הנאשם הודה בהתאם להסדר טיעון דיוני בעובדות כתב האישום המתוקן בהחזקת סמים שלא לצריכה עצמית עבירה לפי סעיף 7(א) +7(ג) רישא לפקודת הסמים המסוכנים (נוסח חדש), התשל""ג–1973 (להלן: פקודת הסמים המסוכנים), נהיגה פוחזת של רכב לפי סעיף 338(א)(1) לחוק העונשין, התשל""ז–1977 (להלן: חוק העונשין), החזקת כלים להכנת סם שלא לצריכה עצמית, עבירה לפי סעיף 10 רישא לפקודת הסמים המסוכנים, נהיגה ללא רישיון נהיגה לפי סעיף 10 א' לפקודת התעבורה (נ""ח), התשכ""א–1961 (להלן: לפקודת התעבורה), נהיגה בזמן פסילת בימ""ש לפי סעיף 67 לפקודת התעבורה ונהיגה ברכב ללא ביטוח לפי סעיף 2א' לפקודת ביטוח רכב מנועי (נ""ח), התש""ל–1970.","['סעיף 7א', 'סעיף 7ג']"
